step_time,reward,total_stopped,total_wait_time
5.0,,0,0.0
10.0,0.0,0,0.0
15.0,0.0,3,4.0
20.0,-0.02,5,22.0
25.0,-0.09999999999999999,6,43.0
30.0,0.04999999999999999,14,59.0
35.0,-0.009999999999999995,13,86.0
40.0,-0.24,23,165.0
45.0,-0.24,14,176.0
50.0,0.15,17,120.0
55.0,0.06000000000000001,32,209.0
60.0,-0.22000000000000003,39,332.0
65.0,-0.3,44,354.0
70.0,0.33,41,388.0
75.0,0.33,44,424.0
80.0,-0.14,27,374.0
85.0,0.15999999999999998,26,391.0
90.0,-0.08999999999999997,46,400.0
95.0,-0.08999999999999997,29,387.0
100.0,0.02999999999999997,30,343.0
105.0,-0.04999999999999999,50,412.0
110.0,-0.04999999999999999,36,367.0
115.0,0.030000000000000027,31,366.0
120.0,-0.040000000000000036,45,376.0
125.0,-0.06,34,384.0
130.0,-0.06,37,437.0
135.0,-0.04999999999999999,43,428.0
140.0,-0.020000000000000018,38,477.0
145.0,-0.020000000000000018,43,460.0
150.0,-0.04999999999999993,50,551.0
155.0,-0.31000000000000005,73,670.0
160.0,-0.68,91,988.0
165.0,-0.78,115,1509.0
170.0,-0.8399999999999999,130,2124.0
175.0,-0.9600000000000004,144,2824.0
180.0,-1.0299999999999994,150,3565.0
185.0,-1.13,158,4343.0
190.0,-1.2400000000000002,165,5160.0
195.0,-1.3400000000000007,172,6010.0
200.0,-1.4100000000000001,180,6898.0
205.0,-1.5199999999999996,187,7820.0
210.0,-1.5999999999999996,195,8781.0
215.0,-1.7100000000000009,202,9781.0
220.0,-1.790000000000001,209,10816.0
225.0,-1.879999999999999,215,11880.0
230.0,-1.8999999999999986,217,12963.0
235.0,-1.9000000000000021,221,14065.0
240.0,-1.8999999999999986,224,15180.0
245.0,-1.8999999999999986,224,16300.0
250.0,-1.9000000000000021,224,17420.0
255.0,-1.8999999999999986,224,18540.0
260.0,-1.9000000000000021,224,19660.0
265.0,-1.8999999999999986,224,20780.0
270.0,-1.8999999999999986,224,21900.0
275.0,-1.8999999999999986,224,23020.0
280.0,-1.9000000000000057,224,24140.0
285.0,-1.8999999999999986,224,25260.0
290.0,-1.8999999999999986,224,26380.0
295.0,-1.8999999999999986,224,27500.0
300.0,-1.8999999999999986,224,28620.0
305.0,-1.9000000000000057,224,29740.0
310.0,-1.8999999999999986,224,30860.0
315.0,-1.8999999999999986,224,31980.0
320.0,-1.8999999999999986,224,33100.0
325.0,-1.8999999999999986,224,34220.0
330.0,-1.9000000000000057,224,35340.0
335.0,-1.8999999999999986,224,36460.0
340.0,-1.8999999999999986,224,37580.0
345.0,-1.9000000000000057,224,38700.0
350.0,-1.8999999999999915,224,39820.0
355.0,-1.9000000000000057,224,40940.0
360.0,-1.8999999999999915,224,42060.0
365.0,-1.9000000000000057,224,43180.0
370.0,-1.9000000000000057,224,44300.0
375.0,-1.8999999999999915,224,45420.0
380.0,-1.9000000000000057,224,46540.0
385.0,-1.8999999999999915,224,47660.0
390.0,-1.9000000000000057,224,48780.0
395.0,-1.9000000000000057,224,49900.0
400.0,-1.8999999999999915,224,51020.0
405.0,-1.9000000000000057,224,52140.0
410.0,-1.8999999999999915,224,53260.0
415.0,-1.9000000000000057,224,54380.0
420.0,-1.9000000000000057,224,55500.0
425.0,-1.8999999999999915,224,56620.0
430.0,-1.9000000000000057,224,57740.0
435.0,-1.8999999999999915,224,58860.0
440.0,-1.9000000000000057,224,59980.0
445.0,-1.9000000000000057,224,61100.0
450.0,-1.8999999999999915,224,62220.0
455.0,-1.9000000000000057,224,63340.0
460.0,-1.8999999999999915,224,64460.0
465.0,-1.9000000000000057,224,65580.0
470.0,-1.9000000000000057,224,66700.0
475.0,-1.8999999999999915,224,67820.0
480.0,-1.9000000000000057,224,68940.0
485.0,-1.8999999999999915,224,70060.0
490.0,-1.9000000000000057,224,71180.0
495.0,-1.9000000000000057,224,72300.0
500.0,-1.8999999999999915,224,73420.0
505.0,-1.9000000000000057,224,74540.0
510.0,-1.8999999999999915,224,75660.0
515.0,-1.9000000000000057,224,76780.0
520.0,-1.9000000000000057,224,77900.0
525.0,-1.9000000000000057,224,79020.0
530.0,-1.8999999999999773,224,80140.0
535.0,-1.9000000000000057,224,81260.0
540.0,-1.9000000000000057,224,82380.0
545.0,-1.9000000000000057,224,83500.0
550.0,-1.9000000000000057,224,84620.0
555.0,-1.8999999999999773,224,85740.0
560.0,-1.9000000000000057,214,82770.0
565.0,-1.9000000000000057,206,80180.0
570.0,-1.9000000000000057,204,80809.0
575.0,-1.9000000000000057,209,80170.0
580.0,-1.8999999999999773,211,81194.0
585.0,-1.9000000000000057,212,82228.0
590.0,-1.9000000000000057,228,83340.0
595.0,-1.9000000000000057,222,84423.0
600.0,-1.9000000000000057,223,85504.0
605.0,-1.8999999999999773,225,86625.0
610.0,-1.9000000000000057,220,87700.0
615.0,-1.9000000000000057,222,88797.0
620.0,-1.9000000000000057,223,89910.0
625.0,-1.9000000000000057,225,91033.0
630.0,-1.8999999999999773,227,92166.0
635.0,-1.9000000000000057,220,93223.0
640.0,-1.9000000000000057,220,94297.0
645.0,-1.9000000000000057,220,95394.0
650.0,-1.9000000000000057,220,96492.0
655.0,-1.8999999999999773,220,97592.0
660.0,-1.9000000000000057,220,98692.0
665.0,-1.9000000000000057,220,99792.0
670.0,-1.9000000000000057,220,100892.0
675.0,-1.9000000000000057,220,101992.0
680.0,-1.8999999999999773,220,103092.0
685.0,-1.9000000000000057,220,104192.0
690.0,-1.9000000000000057,220,105292.0
695.0,-1.9000000000000057,220,106392.0
700.0,-1.9000000000000057,220,107492.0
705.0,-1.8999999999999773,220,108592.0
710.0,-1.9000000000000057,220,109692.0
715.0,-1.9000000000000057,220,110792.0
720.0,-1.9000000000000057,220,111892.0
725.0,-1.9000000000000057,220,112992.0
730.0,-1.8999999999999773,220,114092.0
735.0,-1.9000000000000057,220,115192.0
740.0,-1.9000000000000057,220,116292.0
745.0,-1.9000000000000057,220,117392.0
750.0,-1.9000000000000057,220,118492.0
755.0,-1.8999999999999773,220,119592.0
760.0,-1.9000000000000057,220,120692.0
765.0,-1.9000000000000057,220,121792.0
770.0,-1.9000000000000057,220,122892.0
775.0,-1.9000000000000057,220,123992.0
780.0,-1.8999999999999773,220,125092.0
785.0,-1.9000000000000057,220,126192.0
790.0,-1.9000000000000057,220,127292.0
795.0,-1.9000000000000057,220,128392.0
800.0,-1.9000000000000057,220,129492.0
805.0,-1.8999999999999773,220,130592.0
810.0,-1.9000000000000057,220,131692.0
815.0,-1.9000000000000057,220,132792.0
820.0,-1.9000000000000057,220,133892.0
825.0,-1.9000000000000057,220,134992.0
830.0,-1.8999999999999773,220,136092.0
835.0,-1.9000000000000057,220,137192.0
840.0,-1.9000000000000057,220,138292.0
845.0,-1.9000000000000057,220,139392.0
850.0,-1.9000000000000057,220,140492.0
855.0,-1.8999999999999773,220,141592.0
860.0,-1.900000000000034,220,142692.0
865.0,-1.8999999999999773,220,143792.0
870.0,-1.8999999999999773,220,144892.0
875.0,-1.900000000000034,220,145992.0
880.0,-1.8999999999999773,220,147092.0
885.0,-1.900000000000034,220,148192.0
890.0,-1.8999999999999773,220,149292.0
895.0,-1.8999999999999773,220,150392.0
900.0,-1.900000000000034,220,151492.0
905.0,-1.8999999999999773,220,152592.0
910.0,-1.900000000000034,220,153692.0
915.0,-1.8999999999999773,220,154792.0
920.0,-1.8999999999999773,220,155892.0
925.0,-1.900000000000034,220,156992.0
930.0,-1.8999999999999773,220,158092.0
935.0,-1.900000000000034,220,159192.0
940.0,-1.8999999999999773,220,160292.0
945.0,-1.8999999999999773,220,161392.0
950.0,-1.900000000000034,220,162492.0
955.0,-1.8999999999999773,220,163592.0
960.0,-1.900000000000034,220,164692.0
965.0,-1.8999999999999773,220,165792.0
970.0,-1.8999999999999773,220,166892.0
975.0,-1.900000000000034,220,167992.0
980.0,-1.8999999999999773,220,169092.0
985.0,-1.900000000000034,220,170192.0
990.0,-1.8999999999999773,220,171292.0
995.0,-1.8999999999999773,220,172392.0
1000.0,-1.900000000000034,220,173492.0
1005.0,-1.8999999999999773,220,174592.0
1010.0,-1.900000000000034,220,175692.0
1015.0,-1.8999999999999773,220,176792.0
1020.0,-1.8999999999999773,220,177892.0
1025.0,-1.900000000000034,220,178992.0
1030.0,-1.8999999999999773,220,180092.0
1035.0,-1.900000000000034,220,181192.0
1040.0,-1.8999999999999773,220,182292.0
1045.0,-1.8999999999999773,220,183392.0
1050.0,-1.900000000000034,220,184492.0
1055.0,-1.8999999999999773,220,185592.0
1060.0,-1.900000000000034,220,186692.0
1065.0,-1.8999999999999773,220,187792.0
1070.0,-1.8999999999999773,220,188892.0
1075.0,-1.900000000000034,220,189992.0
1080.0,-1.8999999999999773,220,191092.0
1085.0,-1.900000000000034,220,192192.0
1090.0,-1.8999999999999773,220,193292.0
1095.0,-1.8999999999999773,220,194392.0
1100.0,-1.900000000000034,220,195492.0
1105.0,-1.8999999999999773,220,196592.0
1110.0,-1.900000000000034,220,197692.0
1115.0,-1.8999999999999773,220,198792.0
1120.0,-1.8999999999999773,220,199892.0
1125.0,-1.900000000000034,220,200992.0
1130.0,-1.8999999999999773,220,202092.0
1135.0,-1.900000000000034,220,203192.0
1140.0,-1.8999999999999773,220,204292.0
1145.0,-1.8999999999999773,220,205392.0
1150.0,-1.900000000000034,220,206492.0
1155.0,-1.8999999999999773,220,207592.0
1160.0,-1.900000000000034,220,208692.0
1165.0,-1.8999999999999773,220,209792.0
1170.0,-1.8999999999999773,220,210892.0
1175.0,-1.900000000000034,220,211992.0
1180.0,-1.8999999999999773,220,213092.0
1185.0,-1.900000000000034,220,214192.0
1190.0,-1.8999999999999773,220,215292.0
1195.0,-1.8999999999999773,220,216392.0
1200.0,-1.900000000000034,220,217492.0
1205.0,-1.8999999999999773,220,218592.0
1210.0,-1.900000000000034,220,219692.0
1215.0,-1.8999999999999773,220,220792.0
1220.0,-1.8999999999999773,220,221892.0
1225.0,-1.900000000000034,220,222992.0
1230.0,-1.8999999999999773,220,224092.0
1235.0,-1.900000000000034,220,225192.0
1240.0,-1.8999999999999773,220,226292.0
1245.0,-1.8999999999999773,220,227392.0
1250.0,-1.900000000000034,220,228492.0
1255.0,-1.8999999999999773,220,229592.0
1260.0,-1.900000000000034,220,230692.0
1265.0,-1.8999999999999773,220,231792.0
1270.0,-1.8999999999999773,220,232892.0
1275.0,-1.900000000000034,220,233992.0
1280.0,-1.8999999999999773,220,235092.0
1285.0,-1.900000000000034,220,236192.0
1290.0,-1.8999999999999773,220,237292.0
1295.0,-1.8999999999999773,220,238392.0
1300.0,-1.900000000000034,220,239492.0
1305.0,-1.8999999999999773,220,240592.0
1310.0,-1.900000000000034,220,241692.0
1315.0,-1.8999999999999773,220,242792.0
1320.0,-1.8999999999999773,220,243892.0
1325.0,-1.900000000000034,220,244992.0
1330.0,-1.8999999999999773,220,246092.0
1335.0,-1.900000000000034,220,247192.0
1340.0,-1.8999999999999773,220,248292.0
1345.0,-1.8999999999999773,220,249392.0
1350.0,-1.900000000000034,220,250492.0
1355.0,-1.8999999999999773,220,251592.0
1360.0,-1.900000000000034,220,252692.0
1365.0,-1.8999999999999773,220,253792.0
1370.0,-1.8999999999999773,220,254892.0
1375.0,-1.900000000000034,220,255992.0
1380.0,-1.8999999999999773,220,257092.0
1385.0,-1.900000000000034,220,258192.0
1390.0,-1.8999999999999773,220,259292.0
1395.0,-1.8999999999999773,220,260392.0
1400.0,-1.900000000000034,220,261492.0
1405.0,-1.8999999999999773,220,262592.0
1410.0,-1.900000000000034,220,263692.0
1415.0,-1.8999999999999773,220,264792.0
1420.0,-1.8999999999999773,220,265892.0
1425.0,-1.900000000000034,220,266992.0
1430.0,-1.8999999999999773,220,268092.0
1435.0,-1.900000000000034,220,269192.0
1440.0,-1.8999999999999773,220,270292.0
1445.0,-1.8999999999999773,220,271392.0
1450.0,-1.900000000000034,220,272492.0
1455.0,-1.8999999999999773,220,273592.0
1460.0,-1.900000000000034,220,274692.0
1465.0,-1.8999999999999773,220,275792.0
1470.0,-1.8999999999999773,220,276892.0
1475.0,-1.900000000000034,220,277992.0
1480.0,-1.8999999999999773,220,279092.0
1485.0,-1.900000000000034,220,280192.0
1490.0,-1.8999999999999773,220,281292.0
1495.0,-1.8999999999999773,220,282392.0
1500.0,-1.900000000000034,220,283492.0
1505.0,-1.8999999999999773,220,284592.0
1510.0,-1.900000000000034,220,285692.0
1515.0,-1.8999999999999773,220,286792.0
1520.0,-1.8999999999999773,220,287892.0
1525.0,-1.8999999999999773,220,288992.0
1530.0,-1.900000000000091,220,290092.0
1535.0,-1.8999999999999773,220,291192.0
1540.0,-1.8999999999999773,220,292292.0
1545.0,-1.8999999999999773,220,293392.0
1550.0,-1.8999999999999773,220,294492.0
1555.0,-1.900000000000091,220,295592.0
1560.0,-1.8999999999999773,220,296692.0
1565.0,-1.8999999999999773,220,297792.0
1570.0,-1.8999999999999773,220,298892.0
1575.0,-1.8999999999999773,220,299992.0
1580.0,-1.900000000000091,220,301092.0
1585.0,-1.8999999999999773,220,302192.0
1590.0,-1.8999999999999773,220,303292.0
1595.0,-1.8999999999999773,220,304392.0
1600.0,-1.8999999999999773,220,305492.0
1605.0,-1.900000000000091,220,306592.0
1610.0,-1.8999999999999773,220,307692.0
1615.0,-1.8999999999999773,220,308792.0
1620.0,-1.8999999999999773,220,309892.0
1625.0,-1.8999999999999773,220,310992.0
1630.0,-1.900000000000091,220,312092.0
1635.0,-1.8999999999999773,220,313192.0
1640.0,-1.8999999999999773,220,314292.0
1645.0,-1.8999999999999773,220,315392.0
1650.0,-1.8999999999999773,220,316492.0
1655.0,-1.900000000000091,220,317592.0
1660.0,-1.8999999999999773,220,318692.0
1665.0,-1.8999999999999773,220,319792.0
1670.0,-1.8999999999999773,220,320892.0
1675.0,-1.8999999999999773,220,321992.0
1680.0,-1.900000000000091,220,323092.0
1685.0,-1.8999999999999773,220,324192.0
1690.0,-1.8999999999999773,220,325292.0
1695.0,-1.8999999999999773,220,326392.0
1700.0,-1.8999999999999773,220,327492.0
1705.0,-1.900000000000091,220,328592.0
1710.0,-1.8999999999999773,220,329692.0
1715.0,-1.8999999999999773,220,330792.0
1720.0,-1.8999999999999773,220,331892.0
1725.0,-1.8999999999999773,220,332992.0
1730.0,-1.900000000000091,220,334092.0
1735.0,-1.8999999999999773,220,335192.0
1740.0,-1.8999999999999773,220,336292.0
1745.0,-1.8999999999999773,220,337392.0
1750.0,-1.8999999999999773,220,338492.0
1755.0,-1.900000000000091,220,339592.0
1760.0,-1.8999999999999773,220,340692.0
1765.0,-1.8999999999999773,220,341792.0
1770.0,-1.8999999999999773,220,342892.0
1775.0,-1.8999999999999773,220,343992.0
1780.0,-1.900000000000091,220,345092.0
1785.0,-1.8999999999999773,220,346192.0
1790.0,-1.8999999999999773,220,347292.0
1795.0,-1.8999999999999773,220,348392.0
1800.0,-1.8999999999999773,220,349492.0
1805.0,-1.900000000000091,220,350592.0
1810.0,-1.8999999999999773,220,351692.0
1815.0,-1.8999999999999773,220,352792.0
1820.0,-1.8999999999999773,220,353892.0
1825.0,-1.8999999999999773,220,354992.0
1830.0,-1.900000000000091,220,356092.0
1835.0,-1.8999999999999773,220,357192.0
1840.0,-1.8999999999999773,220,358292.0
1845.0,-1.8999999999999773,220,359392.0
1850.0,-1.8999999999999773,220,360492.0
1855.0,-1.900000000000091,220,361592.0
1860.0,-1.8999999999999773,220,362692.0
1865.0,-1.8999999999999773,220,363792.0
1870.0,-1.8999999999999773,220,364892.0
1875.0,-1.8999999999999773,220,365992.0
1880.0,-1.900000000000091,220,367092.0
1885.0,-1.8999999999999773,220,368192.0
1890.0,-1.8999999999999773,220,369292.0
1895.0,-1.8999999999999773,220,370392.0
1900.0,-1.8999999999999773,220,371492.0
1905.0,-1.900000000000091,220,372592.0
1910.0,-1.8999999999999773,220,373692.0
1915.0,-1.8999999999999773,220,374792.0
1920.0,-1.8999999999999773,220,375892.0
1925.0,-1.8999999999999773,220,376992.0
1930.0,-1.900000000000091,220,378092.0
1935.0,-1.8999999999999773,220,379192.0
1940.0,-1.8999999999999773,220,380292.0
1945.0,-1.8999999999999773,220,381392.0
1950.0,-1.8999999999999773,220,382492.0
1955.0,-1.900000000000091,220,383592.0
1960.0,-1.8999999999999773,220,384692.0
1965.0,-1.8999999999999773,220,385792.0
1970.0,-1.8999999999999773,220,386892.0
1975.0,-1.8999999999999773,220,387992.0
1980.0,-1.900000000000091,220,389092.0
1985.0,-1.8999999999999773,220,390192.0
1990.0,-1.8999999999999773,220,391292.0
1995.0,-1.8999999999999773,220,392392.0
2000.0,-1.8999999999999773,220,393492.0
2005.0,-1.900000000000091,220,394592.0
2010.0,-1.8999999999999773,220,395692.0
2015.0,-1.8999999999999773,220,396792.0
2020.0,-1.8999999999999773,220,397892.0
2025.0,-1.8999999999999773,220,398992.0
2030.0,-1.900000000000091,220,400092.0
2035.0,-1.8999999999999773,220,401192.0
2040.0,-1.8999999999999773,220,402292.0
2045.0,-1.8999999999999773,220,403392.0
2050.0,-1.8999999999999773,220,404492.0
2055.0,-1.900000000000091,220,405592.0
2060.0,-1.8999999999999773,220,406692.0
2065.0,-1.8999999999999773,220,407792.0
2070.0,-1.8999999999999773,220,408892.0
2075.0,-1.8999999999999773,220,409992.0
2080.0,-1.900000000000091,220,411092.0
2085.0,-1.8999999999999773,220,412192.0
2090.0,-1.8999999999999773,220,413292.0
2095.0,-1.8999999999999773,220,414392.0
2100.0,-1.8999999999999773,220,415492.0
2105.0,-1.900000000000091,220,416592.0
2110.0,-1.8999999999999773,220,417692.0
2115.0,-1.8999999999999773,220,418792.0
2120.0,-1.8999999999999773,220,419892.0
2125.0,-1.8999999999999773,220,420992.0
2130.0,-1.900000000000091,220,422092.0
2135.0,-1.8999999999999773,220,423192.0
2140.0,-1.8999999999999773,220,424292.0
2145.0,-1.8999999999999773,220,425392.0
2150.0,-1.8999999999999773,220,426492.0
2155.0,-1.900000000000091,220,427592.0
2160.0,-1.8999999999999773,220,428692.0
2165.0,-1.8999999999999773,220,429792.0
2170.0,-1.8999999999999773,220,430892.0
2175.0,-1.8999999999999773,220,431992.0
2180.0,-1.900000000000091,220,433092.0
2185.0,-1.8999999999999773,220,434192.0
2190.0,-1.8999999999999773,220,435292.0
2195.0,-1.8999999999999773,220,436392.0
2200.0,-1.8999999999999773,220,437492.0
2205.0,-1.900000000000091,220,438592.0
2210.0,-1.8999999999999773,220,439692.0
2215.0,-1.8999999999999773,220,440792.0
2220.0,-1.8999999999999773,220,441892.0
2225.0,-1.8999999999999773,220,442992.0
2230.0,-1.900000000000091,220,444092.0
2235.0,-1.8999999999999773,220,445192.0
2240.0,-1.8999999999999773,220,446292.0
2245.0,-1.8999999999999773,220,447392.0
2250.0,-1.8999999999999773,220,448492.0
2255.0,-1.900000000000091,220,449592.0
2260.0,-1.8999999999999773,220,450692.0
2265.0,-1.8999999999999773,220,451792.0
2270.0,-1.8999999999999773,220,452892.0
2275.0,-1.8999999999999773,220,453992.0
2280.0,-1.900000000000091,220,455092.0
2285.0,-1.8999999999999773,220,456192.0
2290.0,-1.8999999999999773,220,457292.0
2295.0,-1.8999999999999773,220,458392.0
2300.0,-1.8999999999999773,220,459492.0
2305.0,-1.900000000000091,220,460592.0
2310.0,-1.8999999999999773,220,461692.0
2315.0,-1.8999999999999773,220,462792.0
2320.0,-1.8999999999999773,220,463892.0
2325.0,-1.8999999999999773,220,464992.0
2330.0,-1.900000000000091,220,466092.0
2335.0,-1.8999999999999773,220,467192.0
2340.0,-1.8999999999999773,220,468292.0
2345.0,-1.8999999999999773,220,469392.0
2350.0,-1.8999999999999773,220,470492.0
2355.0,-1.900000000000091,220,471592.0
2360.0,-1.8999999999999773,220,472692.0
2365.0,-1.8999999999999773,220,473792.0
2370.0,-1.8999999999999773,220,474892.0
2375.0,-1.8999999999999773,220,475992.0
2380.0,-1.900000000000091,220,477092.0
2385.0,-1.8999999999999773,220,478192.0
2390.0,-1.8999999999999773,220,479292.0
2395.0,-1.8999999999999773,220,480392.0
2400.0,-1.8999999999999773,220,481492.0
2405.0,-1.900000000000091,220,482592.0
2410.0,-1.8999999999999773,220,483692.0
2415.0,-1.8999999999999773,220,484792.0
2420.0,-1.8999999999999773,220,485892.0
2425.0,-1.8999999999999773,220,486992.0
2430.0,-1.900000000000091,220,488092.0
2435.0,-1.8999999999999773,220,489192.0
2440.0,-1.8999999999999773,220,490292.0
2445.0,-1.8999999999999773,220,491392.0
2450.0,-1.8999999999999773,220,492492.0
2455.0,-1.900000000000091,220,493592.0
2460.0,-1.8999999999999773,220,494692.0
2465.0,-1.8999999999999773,220,495792.0
2470.0,-1.8999999999999773,220,496892.0
2475.0,-1.8999999999999773,220,497992.0
2480.0,-1.900000000000091,220,499092.0
2485.0,-1.8999999999999773,220,500192.0
2490.0,-1.8999999999999773,220,501292.0
2495.0,-1.8999999999999773,220,502392.0
2500.0,-1.8999999999999773,220,503492.0
2505.0,-1.900000000000091,220,504592.0
2510.0,-1.8999999999999773,220,505692.0
2515.0,-1.8999999999999773,220,506792.0
2520.0,-1.8999999999999773,220,507892.0
2525.0,-1.8999999999999773,220,508992.0
2530.0,-1.900000000000091,220,510092.0
2535.0,-1.8999999999999773,220,511192.0
2540.0,-1.8999999999999773,220,512292.0
2545.0,-1.8999999999999773,220,513392.0
2550.0,-1.8999999999999773,220,514492.0
2555.0,-1.900000000000091,220,515592.0
2560.0,-1.8999999999999773,220,516692.0
2565.0,-1.8999999999999773,220,517792.0
2570.0,-1.8999999999999773,220,518892.0
2575.0,-1.8999999999999773,220,519992.0
2580.0,-1.900000000000091,220,521092.0
2585.0,-1.8999999999999773,220,522192.0
2590.0,-1.8999999999999773,220,523292.0
2595.0,-1.8999999999999773,220,524392.0
2600.0,-1.8999999999999773,220,525492.0
2605.0,-1.900000000000091,220,526592.0
2610.0,-1.8999999999999773,220,527692.0
2615.0,-1.8999999999999773,220,528792.0
2620.0,-1.8999999999999773,220,529892.0
2625.0,-1.8999999999999773,220,530992.0
2630.0,-1.900000000000091,220,532092.0
2635.0,-1.8999999999999773,220,533192.0
2640.0,-1.8999999999999773,220,534292.0
2645.0,-1.8999999999999773,220,535392.0
2650.0,-1.8999999999999773,220,536492.0
2655.0,-1.900000000000091,220,537592.0
2660.0,-1.8999999999999773,220,538692.0
2665.0,-1.8999999999999773,220,539792.0
2670.0,-1.8999999999999773,220,540892.0
2675.0,-1.8999999999999773,220,541992.0
2680.0,-1.900000000000091,220,543092.0
2685.0,-1.8999999999999773,220,544192.0
2690.0,-1.8999999999999773,220,545292.0
2695.0,-1.8999999999999773,220,546392.0
2700.0,-1.8999999999999773,220,547492.0
2705.0,-1.900000000000091,220,548592.0
2710.0,-1.8999999999999773,220,549692.0
2715.0,-1.8999999999999773,220,550792.0
2720.0,-1.8999999999999773,220,551892.0
2725.0,-1.8999999999999773,220,552992.0
2730.0,-1.900000000000091,220,554092.0
2735.0,-1.8999999999999773,220,555192.0
2740.0,-1.8999999999999773,220,556292.0
2745.0,-1.8999999999999773,220,557392.0
2750.0,-1.8999999999999773,220,558492.0
2755.0,-1.900000000000091,220,559592.0
2760.0,-1.8999999999999773,220,560692.0
2765.0,-1.8999999999999773,220,561792.0
2770.0,-1.8999999999999773,220,562892.0
2775.0,-1.8999999999999773,220,563992.0
2780.0,-1.900000000000091,220,565092.0
2785.0,-1.8999999999999773,220,566192.0
2790.0,-1.8999999999999773,220,567292.0
2795.0,-1.8999999999999773,220,568392.0
2800.0,-1.8999999999999773,220,569492.0
2805.0,-1.900000000000091,220,570592.0
2810.0,-1.8999999999999773,220,571692.0
2815.0,-1.8999999999999773,220,572792.0
2820.0,-1.8999999999999773,220,573892.0
2825.0,-1.8999999999999773,220,574992.0
2830.0,-1.900000000000091,220,576092.0
2835.0,-1.8999999999999773,220,577192.0
2840.0,-1.8999999999999773,220,578292.0
2845.0,-1.8999999999999773,220,579392.0
2850.0,-1.8999999999999773,220,580492.0
2855.0,-1.900000000000091,220,581592.0
2860.0,-1.8999999999999773,220,582692.0
2865.0,-1.8999999999999773,220,583792.0
2870.0,-1.8999999999999773,220,584892.0
2875.0,-1.8999999999999773,220,585992.0
2880.0,-1.900000000000091,220,587092.0
2885.0,-1.8999999999998636,220,588192.0
2890.0,-1.900000000000091,220,589292.0
2895.0,-1.900000000000091,220,590392.0
2900.0,-1.8999999999998636,220,591492.0
2905.0,-1.900000000000091,220,592592.0
2910.0,-1.8999999999998636,220,593692.0
2915.0,-1.900000000000091,220,594792.0
2920.0,-1.900000000000091,220,595892.0
2925.0,-1.8999999999998636,220,596992.0
2930.0,-1.900000000000091,220,598092.0
2935.0,-1.8999999999998636,220,599192.0
2940.0,-1.900000000000091,220,600292.0
2945.0,-1.900000000000091,220,601392.0
2950.0,-1.8999999999998636,220,602492.0
2955.0,-1.900000000000091,220,603592.0
2960.0,-1.8999999999998636,220,604692.0
2965.0,-1.900000000000091,220,605792.0
2970.0,-1.900000000000091,220,606892.0
2975.0,-1.8999999999998636,220,607992.0
2980.0,-1.900000000000091,220,609092.0
2985.0,-1.8999999999998636,220,610192.0
2990.0,-1.900000000000091,220,611292.0
2995.0,-1.900000000000091,220,612392.0
3000.0,-1.8999999999998636,220,613492.0
3005.0,-1.900000000000091,220,614592.0
3010.0,-1.8999999999998636,220,615692.0
3015.0,-1.900000000000091,220,616792.0
3020.0,-1.900000000000091,220,617892.0
3025.0,-1.8999999999998636,220,618992.0
3030.0,-1.900000000000091,220,620092.0
3035.0,-1.8999999999998636,220,621192.0
3040.0,-1.900000000000091,220,622292.0
3045.0,-1.900000000000091,220,623392.0
3050.0,-1.8999999999998636,220,624492.0
3055.0,-1.900000000000091,220,625592.0
3060.0,-1.8999999999998636,220,626692.0
3065.0,-1.900000000000091,220,627792.0
3070.0,-1.900000000000091,220,628892.0
3075.0,-1.8999999999998636,220,629992.0
3080.0,-1.900000000000091,220,631092.0
3085.0,-1.8999999999998636,220,632192.0
3090.0,-1.900000000000091,220,633292.0
3095.0,-1.900000000000091,220,634392.0
3100.0,-1.8999999999998636,220,635492.0
3105.0,-1.900000000000091,220,636592.0
3110.0,-1.8999999999998636,220,637692.0
3115.0,-1.900000000000091,220,638792.0
3120.0,-1.900000000000091,220,639892.0
3125.0,-1.8999999999998636,220,640992.0
3130.0,-1.900000000000091,220,642092.0
3135.0,-1.8999999999998636,220,643192.0
3140.0,-1.900000000000091,220,644292.0
3145.0,-1.900000000000091,220,645392.0
3150.0,-1.8999999999998636,220,646492.0
3155.0,-1.900000000000091,220,647592.0
3160.0,-1.8999999999998636,220,648692.0
3165.0,-1.900000000000091,220,649792.0
3170.0,-1.900000000000091,220,650892.0
3175.0,-1.8999999999998636,220,651992.0
3180.0,-1.900000000000091,220,653092.0
3185.0,-1.8999999999998636,220,654192.0
3190.0,-1.900000000000091,220,655292.0
3195.0,-1.900000000000091,220,656392.0
3200.0,-1.8999999999998636,220,657492.0
3205.0,-1.900000000000091,220,658592.0
3210.0,-1.8999999999998636,220,659692.0
3215.0,-1.900000000000091,220,660792.0
3220.0,-1.900000000000091,220,661892.0
3225.0,-1.8999999999998636,220,662992.0
3230.0,-1.900000000000091,220,664092.0
3235.0,-1.8999999999998636,220,665192.0
3240.0,-1.900000000000091,220,666292.0
3245.0,-1.900000000000091,220,667392.0
3250.0,-1.8999999999998636,220,668492.0
3255.0,-1.900000000000091,220,669592.0
3260.0,-1.8999999999998636,220,670692.0
3265.0,-1.900000000000091,220,671792.0
3270.0,-1.900000000000091,220,672892.0
3275.0,-1.8999999999998636,220,673992.0
3280.0,-1.900000000000091,220,675092.0
3285.0,-1.8999999999998636,220,676192.0
3290.0,-1.900000000000091,220,677292.0
3295.0,-1.900000000000091,220,678392.0
3300.0,-1.8999999999998636,220,679492.0
3305.0,-1.900000000000091,220,680592.0
3310.0,-1.8999999999998636,220,681692.0
3315.0,-1.900000000000091,220,682792.0
3320.0,-1.900000000000091,220,683892.0
3325.0,-1.8999999999998636,220,684992.0
3330.0,-1.900000000000091,220,686092.0
3335.0,-1.8999999999998636,220,687192.0
3340.0,-1.900000000000091,220,688292.0
3345.0,-1.900000000000091,220,689392.0
3350.0,-1.8999999999998636,220,690492.0
3355.0,-1.900000000000091,220,691592.0
3360.0,-1.8999999999998636,220,692692.0
3365.0,-1.900000000000091,220,693792.0
3370.0,-1.900000000000091,220,694892.0
3375.0,-1.8999999999998636,220,695992.0
3380.0,-1.900000000000091,220,697092.0
3385.0,-1.8999999999998636,220,698192.0
3390.0,-1.900000000000091,220,699292.0
3395.0,-1.900000000000091,220,700392.0
3400.0,-1.8999999999998636,220,701492.0
3405.0,-1.900000000000091,220,702592.0
3410.0,-1.8999999999998636,220,703692.0
3415.0,-1.900000000000091,220,704792.0
3420.0,-1.900000000000091,220,705892.0
3425.0,-1.8999999999998636,220,706992.0
3430.0,-1.900000000000091,220,708092.0
3435.0,-1.8999999999998636,220,709192.0
3440.0,-1.900000000000091,220,710292.0
3445.0,-1.900000000000091,220,711392.0
3450.0,-1.8999999999998636,220,712492.0
3455.0,-1.900000000000091,220,713592.0
3460.0,-1.8999999999998636,220,714692.0
3465.0,-1.900000000000091,220,715792.0
3470.0,-1.900000000000091,220,716892.0
3475.0,-1.8999999999998636,220,717992.0
3480.0,-1.900000000000091,220,719092.0
3485.0,-1.8999999999998636,220,720192.0
3490.0,-1.900000000000091,220,721292.0
3495.0,-1.900000000000091,220,722392.0
3500.0,-1.8999999999998636,220,723492.0
3505.0,-1.900000000000091,220,724592.0
3510.0,-1.8999999999998636,220,725692.0
3515.0,-1.900000000000091,220,726792.0
3520.0,-1.900000000000091,220,727892.0
3525.0,-1.8999999999998636,220,728992.0
3530.0,-1.900000000000091,220,730092.0
3535.0,-1.8999999999998636,220,731192.0
3540.0,-1.900000000000091,220,732292.0
3545.0,-1.900000000000091,220,733392.0
3550.0,-1.8999999999998636,220,734492.0
3555.0,-1.900000000000091,220,735592.0
3560.0,-1.8999999999998636,220,736692.0
3565.0,-1.900000000000091,220,737792.0
3570.0,-1.900000000000091,220,738892.0
3575.0,-1.8999999999998636,220,739992.0
3580.0,-1.900000000000091,220,741092.0
3585.0,-1.8999999999998636,220,742192.0
3590.0,-1.900000000000091,220,743292.0
3595.0,-1.900000000000091,220,744392.0
3600.0,-1.8999999999998636,220,745492.0
3605.0,-1.900000000000091,220,746592.0
3610.0,-1.8999999999998636,220,747692.0
3615.0,-1.900000000000091,220,748792.0
3620.0,-1.900000000000091,220,749892.0
3625.0,-1.8999999999998636,220,750992.0
3630.0,-1.900000000000091,220,752092.0
3635.0,-1.8999999999998636,220,753192.0
3640.0,-1.900000000000091,220,754292.0
3645.0,-1.900000000000091,220,755392.0
3650.0,-1.8999999999998636,220,756492.0
3655.0,-1.900000000000091,220,757592.0
3660.0,-1.8999999999998636,220,758692.0
3665.0,-1.900000000000091,220,759792.0
3670.0,-1.900000000000091,220,760892.0
3675.0,-1.8999999999998636,220,761992.0
3680.0,-1.900000000000091,220,763092.0
3685.0,-1.8999999999998636,220,764192.0
3690.0,-1.900000000000091,220,765292.0
3695.0,-1.900000000000091,220,766392.0
3700.0,-1.8999999999998636,220,767492.0
3705.0,-1.900000000000091,220,768592.0
3710.0,-1.8999999999998636,220,769692.0
3715.0,-1.900000000000091,220,770792.0
3720.0,-1.900000000000091,220,771892.0
3725.0,-1.8999999999998636,220,772992.0
3730.0,-1.900000000000091,220,774092.0
3735.0,-1.8999999999998636,220,775192.0
3740.0,-1.900000000000091,220,776292.0
3745.0,-1.900000000000091,220,777392.0
3750.0,-1.8999999999998636,220,778492.0
3755.0,-1.900000000000091,220,779592.0
3760.0,-1.8999999999998636,220,780692.0
3765.0,-1.900000000000091,220,781792.0
3770.0,-1.900000000000091,220,782892.0
3775.0,-1.8999999999998636,220,783992.0
3780.0,-1.900000000000091,220,785092.0
3785.0,-1.8999999999998636,220,786192.0
3790.0,-1.900000000000091,220,787292.0
3795.0,-1.900000000000091,220,788392.0
3800.0,-1.8999999999998636,220,789492.0
3805.0,-1.900000000000091,220,790592.0
3810.0,-1.8999999999998636,220,791692.0
3815.0,-1.900000000000091,220,792792.0
3820.0,-1.900000000000091,220,793892.0
3825.0,-1.8999999999998636,220,794992.0
3830.0,-1.900000000000091,220,796092.0
3835.0,-1.8999999999998636,220,797192.0
3840.0,-1.900000000000091,220,798292.0
3845.0,-1.900000000000091,220,799392.0
3850.0,-1.8999999999998636,220,800492.0
3855.0,-1.900000000000091,220,801592.0
3860.0,-1.8999999999998636,220,802692.0
3865.0,-1.900000000000091,220,803792.0
3870.0,-1.900000000000091,220,804892.0
3875.0,-1.8999999999998636,220,805992.0
3880.0,-1.900000000000091,220,807092.0
3885.0,-1.8999999999998636,220,808192.0
3890.0,-1.900000000000091,220,809292.0
3895.0,-1.900000000000091,220,810392.0
3900.0,-1.8999999999998636,220,811492.0
3905.0,-1.900000000000091,220,812592.0
3910.0,-1.8999999999998636,220,813692.0
3915.0,-1.900000000000091,220,814792.0
3920.0,-1.900000000000091,220,815892.0
3925.0,-1.8999999999998636,220,816992.0
3930.0,-1.900000000000091,220,818092.0
3935.0,-1.8999999999998636,220,819192.0
3940.0,-1.900000000000091,220,820292.0
3945.0,-1.900000000000091,220,821392.0
3950.0,-1.8999999999998636,220,822492.0
3955.0,-1.900000000000091,220,823592.0
3960.0,-1.8999999999998636,220,824692.0
3965.0,-1.900000000000091,220,825792.0
3970.0,-1.900000000000091,220,826892.0
3975.0,-1.8999999999998636,220,827992.0
3980.0,-1.900000000000091,220,829092.0
3985.0,-1.8999999999998636,220,830192.0
3990.0,-1.900000000000091,220,831292.0
3995.0,-1.900000000000091,220,832392.0
4000.0,-1.8999999999998636,220,833492.0
4005.0,-1.900000000000091,220,834592.0
4010.0,-1.8999999999998636,220,835692.0
4015.0,-1.900000000000091,220,836792.0
4020.0,-1.900000000000091,220,837892.0
4025.0,-1.8999999999998636,220,838992.0
4030.0,-1.900000000000091,220,840092.0
4035.0,-1.8999999999998636,220,841192.0
4040.0,-1.900000000000091,220,842292.0
4045.0,-1.900000000000091,220,843392.0
4050.0,-1.8999999999998636,220,844492.0
4055.0,-1.900000000000091,220,845592.0
4060.0,-1.8999999999998636,220,846692.0
4065.0,-1.900000000000091,220,847792.0
4070.0,-1.900000000000091,220,848892.0
4075.0,-1.8999999999998636,220,849992.0
4080.0,-1.900000000000091,220,851092.0
4085.0,-1.8999999999998636,220,852192.0
4090.0,-1.900000000000091,220,853292.0
4095.0,-1.900000000000091,220,854392.0
4100.0,-1.8999999999998636,220,855492.0
4105.0,-1.900000000000091,220,856592.0
4110.0,-1.8999999999998636,220,857692.0
4115.0,-1.900000000000091,220,858792.0
4120.0,-1.900000000000091,220,859892.0
4125.0,-1.8999999999998636,220,860992.0
4130.0,-1.900000000000091,220,862092.0
4135.0,-1.8999999999998636,220,863192.0
4140.0,-1.900000000000091,220,864292.0
4145.0,-1.900000000000091,220,865392.0
4150.0,-1.8999999999998636,220,866492.0
4155.0,-1.900000000000091,220,867592.0
4160.0,-1.8999999999998636,220,868692.0
4165.0,-1.900000000000091,220,869792.0
4170.0,-1.900000000000091,220,870892.0
4175.0,-1.8999999999998636,220,871992.0
4180.0,-1.900000000000091,220,873092.0
4185.0,-1.8999999999998636,220,874192.0
4190.0,-1.900000000000091,220,875292.0
4195.0,-1.900000000000091,220,876392.0
4200.0,-1.8999999999998636,220,877492.0
4205.0,-1.900000000000091,220,878592.0
4210.0,-1.8999999999998636,220,879692.0
4215.0,-1.900000000000091,220,880792.0
4220.0,-1.900000000000091,220,881892.0
4225.0,-1.8999999999998636,220,882992.0
4230.0,-1.900000000000091,220,884092.0
4235.0,-1.8999999999998636,220,885192.0
4240.0,-1.900000000000091,220,886292.0
4245.0,-1.900000000000091,220,887392.0
4250.0,-1.8999999999998636,220,888492.0
4255.0,-1.900000000000091,220,889592.0
4260.0,-1.8999999999998636,220,890692.0
4265.0,-1.900000000000091,220,891792.0
4270.0,-1.900000000000091,220,892892.0
4275.0,-1.8999999999998636,220,893992.0
4280.0,-1.900000000000091,220,895092.0
4285.0,-1.8999999999998636,220,896192.0
4290.0,-1.900000000000091,220,897292.0
4295.0,-1.900000000000091,220,898392.0
4300.0,-1.8999999999998636,220,899492.0
4305.0,-1.900000000000091,220,900592.0
4310.0,-1.8999999999998636,220,901692.0
4315.0,-1.900000000000091,220,902792.0
4320.0,-1.900000000000091,220,903892.0
4325.0,-1.8999999999998636,220,904992.0
4330.0,-1.900000000000091,220,906092.0
4335.0,-1.8999999999998636,220,907192.0
4340.0,-1.900000000000091,220,908292.0
4345.0,-1.900000000000091,220,909392.0
4350.0,-1.8999999999998636,220,910492.0
4355.0,-1.900000000000091,220,911592.0
4360.0,-1.8999999999998636,220,912692.0
4365.0,-1.900000000000091,220,913792.0
4370.0,-1.900000000000091,220,914892.0
4375.0,-1.8999999999998636,220,915992.0
4380.0,-1.900000000000091,220,917092.0
4385.0,-1.8999999999998636,220,918192.0
4390.0,-1.900000000000091,220,919292.0
4395.0,-1.900000000000091,220,920392.0
4400.0,-1.8999999999998636,220,921492.0
4405.0,-1.900000000000091,220,922592.0
4410.0,-1.8999999999998636,220,923692.0
4415.0,-1.900000000000091,220,924792.0
4420.0,-1.900000000000091,220,925892.0
4425.0,-1.8999999999998636,220,926992.0
4430.0,-1.900000000000091,220,928092.0
4435.0,-1.8999999999998636,220,929192.0
4440.0,-1.900000000000091,220,930292.0
4445.0,-1.900000000000091,220,931392.0
4450.0,-1.8999999999998636,220,932492.0
4455.0,-1.900000000000091,220,933592.0
4460.0,-1.8999999999998636,220,934692.0
4465.0,-1.900000000000091,220,935792.0
4470.0,-1.900000000000091,220,936892.0
4475.0,-1.8999999999998636,220,937992.0
4480.0,-1.900000000000091,220,939092.0
4485.0,-1.8999999999998636,220,940192.0
4490.0,-1.900000000000091,220,941292.0
4495.0,-1.900000000000091,220,942392.0
4500.0,-1.8999999999998636,220,943492.0
4505.0,-1.900000000000091,220,944592.0
4510.0,-1.8999999999998636,220,945692.0
4515.0,-1.900000000000091,220,946792.0
4520.0,-1.900000000000091,220,947892.0
4525.0,-1.8999999999998636,220,948992.0
4530.0,-1.900000000000091,220,950092.0
4535.0,-1.8999999999998636,220,951192.0
4540.0,-1.900000000000091,220,952292.0
4545.0,-1.900000000000091,220,953392.0
4550.0,-1.8999999999998636,220,954492.0
4555.0,-1.900000000000091,220,955592.0
4560.0,-1.8999999999998636,220,956692.0
4565.0,-1.900000000000091,220,957792.0
4570.0,-1.900000000000091,220,958892.0
4575.0,-1.8999999999998636,220,959992.0
4580.0,-1.900000000000091,220,961092.0
4585.0,-1.8999999999998636,220,962192.0
4590.0,-1.900000000000091,220,963292.0
4595.0,-1.900000000000091,220,964392.0
4600.0,-1.8999999999998636,220,965492.0
4605.0,-1.900000000000091,220,966592.0
4610.0,-1.8999999999998636,220,967692.0
4615.0,-1.900000000000091,220,968792.0
4620.0,-1.900000000000091,220,969892.0
4625.0,-1.8999999999998636,220,970992.0
4630.0,-1.900000000000091,220,972092.0
4635.0,-1.8999999999998636,220,973192.0
4640.0,-1.900000000000091,220,974292.0
4645.0,-1.900000000000091,220,975392.0
4650.0,-1.8999999999998636,220,976492.0
4655.0,-1.900000000000091,220,977592.0
4660.0,-1.8999999999998636,220,978692.0
4665.0,-1.900000000000091,220,979792.0
4670.0,-1.900000000000091,220,980892.0
4675.0,-1.8999999999998636,220,981992.0
4680.0,-1.900000000000091,220,983092.0
4685.0,-1.8999999999998636,220,984192.0
4690.0,-1.900000000000091,220,985292.0
4695.0,-1.900000000000091,220,986392.0
4700.0,-1.8999999999998636,220,987492.0
4705.0,-1.900000000000091,220,988592.0
4710.0,-1.8999999999998636,220,989692.0
4715.0,-1.900000000000091,220,990792.0
4720.0,-1.900000000000091,220,991892.0
4725.0,-1.8999999999998636,220,992992.0
4730.0,-1.900000000000091,220,994092.0
4735.0,-1.8999999999998636,220,995192.0
4740.0,-1.900000000000091,220,996292.0
4745.0,-1.900000000000091,220,997392.0
4750.0,-1.8999999999998636,220,998492.0
4755.0,-1.900000000000091,220,999592.0
4760.0,-1.8999999999998636,220,1000692.0
4765.0,-1.900000000000091,220,1001792.0
4770.0,-1.900000000000091,220,1002892.0
4775.0,-1.8999999999998636,220,1003992.0
4780.0,-1.900000000000091,220,1005092.0
4785.0,-1.8999999999998636,220,1006192.0
4790.0,-1.900000000000091,220,1007292.0
4795.0,-1.900000000000091,220,1008392.0
4800.0,-1.8999999999998636,220,1009492.0
4805.0,-1.900000000000091,220,1010592.0
4810.0,-1.8999999999998636,220,1011692.0
4815.0,-1.900000000000091,220,1012792.0
4820.0,-1.900000000000091,220,1013892.0
4825.0,-1.8999999999998636,220,1014992.0
4830.0,-1.900000000000091,220,1016092.0
4835.0,-1.8999999999998636,220,1017192.0
4840.0,-1.900000000000091,220,1018292.0
4845.0,-1.900000000000091,220,1019392.0
4850.0,-1.8999999999998636,220,1020492.0
4855.0,-1.900000000000091,220,1021592.0
4860.0,-1.8999999999998636,220,1022692.0
4865.0,-1.900000000000091,220,1023792.0
4870.0,-1.900000000000091,220,1024892.0
4875.0,-1.8999999999998636,220,1025992.0
4880.0,-1.900000000000091,220,1027092.0
4885.0,-1.8999999999998636,220,1028192.0
4890.0,-1.900000000000091,220,1029292.0
4895.0,-1.900000000000091,220,1030392.0
4900.0,-1.8999999999998636,220,1031492.0
4905.0,-1.900000000000091,220,1032592.0
4910.0,-1.8999999999998636,220,1033692.0
4915.0,-1.900000000000091,220,1034792.0
4920.0,-1.900000000000091,220,1035892.0
4925.0,-1.8999999999998636,220,1036992.0
4930.0,-1.900000000000091,220,1038092.0
4935.0,-1.8999999999998636,220,1039192.0
4940.0,-1.900000000000091,220,1040292.0
4945.0,-1.900000000000091,220,1041392.0
4950.0,-1.8999999999998636,220,1042492.0
4955.0,-1.900000000000091,220,1043592.0
4960.0,-1.8999999999998636,220,1044692.0
4965.0,-1.900000000000091,220,1045792.0
4970.0,-1.900000000000091,220,1046892.0
4975.0,-1.8999999999998636,220,1047992.0
4980.0,-1.900000000000091,220,1049092.0
4985.0,-1.8999999999998636,220,1050192.0
4990.0,-1.900000000000091,220,1051292.0
4995.0,-1.900000000000091,220,1052392.0
5000.0,-1.8999999999998636,220,1053492.0
5005.0,-1.900000000000091,220,1054592.0
5010.0,-1.8999999999998636,220,1055692.0
5015.0,-1.900000000000091,220,1056792.0
5020.0,-1.900000000000091,220,1057892.0
5025.0,-1.8999999999998636,220,1058992.0
5030.0,-1.900000000000091,220,1060092.0
5035.0,-1.8999999999998636,220,1061192.0
5040.0,-1.900000000000091,220,1062292.0
5045.0,-1.900000000000091,220,1063392.0
5050.0,-1.8999999999998636,220,1064492.0
5055.0,-1.900000000000091,220,1065592.0
5060.0,-1.8999999999998636,220,1066692.0
5065.0,-1.900000000000091,220,1067792.0
5070.0,-1.900000000000091,220,1068892.0
5075.0,-1.8999999999998636,220,1069992.0
5080.0,-1.900000000000091,220,1071092.0
5085.0,-1.8999999999998636,220,1072192.0
5090.0,-1.900000000000091,220,1073292.0
5095.0,-1.900000000000091,220,1074392.0
5100.0,-1.8999999999998636,220,1075492.0
5105.0,-1.900000000000091,220,1076592.0
5110.0,-1.8999999999998636,220,1077692.0
5115.0,-1.900000000000091,220,1078792.0
5120.0,-1.900000000000091,220,1079892.0
5125.0,-1.8999999999998636,220,1080992.0
5130.0,-1.900000000000091,220,1082092.0
5135.0,-1.8999999999998636,220,1083192.0
5140.0,-1.900000000000091,220,1084292.0
5145.0,-1.900000000000091,220,1085392.0
5150.0,-1.8999999999998636,220,1086492.0
5155.0,-1.900000000000091,220,1087592.0
5160.0,-1.8999999999998636,220,1088692.0
5165.0,-1.900000000000091,220,1089792.0
5170.0,-1.900000000000091,220,1090892.0
5175.0,-1.8999999999998636,220,1091992.0
5180.0,-1.900000000000091,220,1093092.0
5185.0,-1.8999999999998636,220,1094192.0
5190.0,-1.900000000000091,220,1095292.0
5195.0,-1.900000000000091,220,1096392.0
5200.0,-1.8999999999998636,220,1097492.0
5205.0,-1.900000000000091,220,1098592.0
5210.0,-1.8999999999998636,220,1099692.0
5215.0,-1.900000000000091,220,1100792.0
5220.0,-1.900000000000091,220,1101892.0
5225.0,-1.8999999999998636,220,1102992.0
5230.0,-1.900000000000091,220,1104092.0
5235.0,-1.8999999999998636,220,1105192.0
5240.0,-1.900000000000091,220,1106292.0
5245.0,-1.900000000000091,220,1107392.0
5250.0,-1.8999999999998636,220,1108492.0
5255.0,-1.900000000000091,220,1109592.0
5260.0,-1.8999999999998636,220,1110692.0
5265.0,-1.900000000000091,220,1111792.0
5270.0,-1.900000000000091,220,1112892.0
5275.0,-1.8999999999998636,220,1113992.0
5280.0,-1.900000000000091,220,1115092.0
5285.0,-1.8999999999998636,220,1116192.0
5290.0,-1.900000000000091,220,1117292.0
5295.0,-1.900000000000091,220,1118392.0
5300.0,-1.8999999999998636,220,1119492.0
5305.0,-1.900000000000091,220,1120592.0
5310.0,-1.8999999999998636,220,1121692.0
5315.0,-1.900000000000091,220,1122792.0
5320.0,-1.900000000000091,220,1123892.0
5325.0,-1.8999999999998636,220,1124992.0
5330.0,-1.900000000000091,220,1126092.0
5335.0,-1.8999999999998636,220,1127192.0
5340.0,-1.900000000000091,220,1128292.0
5345.0,-1.900000000000091,220,1129392.0
5350.0,-1.8999999999998636,220,1130492.0
5355.0,-1.900000000000091,220,1131592.0
5360.0,-1.8999999999998636,220,1132692.0
5365.0,-1.900000000000091,220,1133792.0
5370.0,-1.900000000000091,220,1134892.0
5375.0,-1.8999999999998636,220,1135992.0
5380.0,-1.900000000000091,220,1137092.0
5385.0,-1.8999999999998636,220,1138192.0
5390.0,-1.900000000000091,220,1139292.0
5395.0,-1.900000000000091,220,1140392.0
5400.0,-1.8999999999998636,220,1141492.0
5405.0,-1.900000000000091,220,1142592.0
5410.0,-1.8999999999998636,220,1143692.0
5415.0,-1.900000000000091,220,1144792.0
5420.0,-1.900000000000091,220,1145892.0
5425.0,-1.8999999999998636,220,1146992.0
5430.0,-1.900000000000091,220,1148092.0
5435.0,-1.8999999999998636,220,1149192.0
5440.0,-1.900000000000091,220,1150292.0
5445.0,-1.900000000000091,220,1151392.0
5450.0,-1.8999999999998636,220,1152492.0
5455.0,-1.900000000000091,220,1153592.0
5460.0,-1.8999999999998636,220,1154692.0
5465.0,-1.900000000000091,220,1155792.0
5470.0,-1.900000000000091,220,1156892.0
5475.0,-1.8999999999998636,220,1157992.0
5480.0,-1.900000000000091,220,1159092.0
5485.0,-1.8999999999998636,220,1160192.0
5490.0,-1.900000000000091,220,1161292.0
5495.0,-1.900000000000091,220,1162392.0
5500.0,-1.8999999999998636,220,1163492.0
5505.0,-1.900000000000091,220,1164592.0
5510.0,-1.8999999999998636,220,1165692.0
5515.0,-1.900000000000091,220,1166792.0
5520.0,-1.900000000000091,220,1167892.0
5525.0,-1.8999999999998636,220,1168992.0
5530.0,-1.900000000000091,220,1170092.0
5535.0,-1.8999999999998636,220,1171192.0
5540.0,-1.900000000000091,220,1172292.0
5545.0,-1.900000000000091,220,1173392.0
5550.0,-1.8999999999998636,220,1174492.0
5555.0,-1.900000000000091,220,1175592.0
5560.0,-1.8999999999998636,220,1176692.0
5565.0,-1.900000000000091,220,1177792.0
5570.0,-1.900000000000091,220,1178892.0
5575.0,-1.900000000000091,220,1179992.0
5580.0,-1.8999999999996362,220,1181092.0
5585.0,-1.900000000000091,220,1182192.0
5590.0,-1.900000000000091,220,1183292.0
5595.0,-1.900000000000091,220,1184392.0
5600.0,-1.900000000000091,220,1185492.0
5605.0,-1.8999999999996362,220,1186592.0
5610.0,-1.900000000000091,220,1187692.0
5615.0,-1.900000000000091,220,1188792.0
5620.0,-1.900000000000091,220,1189892.0
5625.0,-1.900000000000091,220,1190992.0
5630.0,-1.8999999999996362,220,1192092.0
5635.0,-1.900000000000091,220,1193192.0
5640.0,-1.900000000000091,220,1194292.0
5645.0,-1.900000000000091,220,1195392.0
5650.0,-1.900000000000091,220,1196492.0
5655.0,-1.8999999999996362,220,1197592.0
5660.0,-1.900000000000091,220,1198692.0
5665.0,-1.900000000000091,220,1199792.0
5670.0,-1.900000000000091,220,1200892.0
5675.0,-1.900000000000091,220,1201992.0
5680.0,-1.8999999999996362,220,1203092.0
5685.0,-1.900000000000091,220,1204192.0
5690.0,-1.900000000000091,220,1205292.0
5695.0,-1.900000000000091,220,1206392.0
5700.0,-1.900000000000091,220,1207492.0
5705.0,-1.8999999999996362,220,1208592.0
5710.0,-1.900000000000091,220,1209692.0
5715.0,-1.900000000000091,220,1210792.0
5720.0,-1.900000000000091,220,1211892.0
5725.0,-1.900000000000091,220,1212992.0
5730.0,-1.8999999999996362,220,1214092.0
5735.0,-1.900000000000091,220,1215192.0
5740.0,-1.900000000000091,220,1216292.0
5745.0,-1.900000000000091,220,1217392.0
5750.0,-1.900000000000091,220,1218492.0
5755.0,-1.8999999999996362,220,1219592.0
5760.0,-1.900000000000091,220,1220692.0
5765.0,-1.900000000000091,220,1221792.0
5770.0,-1.900000000000091,220,1222892.0
5775.0,-1.900000000000091,220,1223992.0
5780.0,-1.8999999999996362,220,1225092.0
5785.0,-1.900000000000091,220,1226192.0
5790.0,-1.900000000000091,220,1227292.0
5795.0,-1.900000000000091,220,1228392.0
5800.0,-1.900000000000091,220,1229492.0
5805.0,-1.8999999999996362,220,1230592.0
5810.0,-1.900000000000091,220,1231692.0
5815.0,-1.900000000000091,220,1232792.0
5820.0,-1.900000000000091,220,1233892.0
5825.0,-1.900000000000091,220,1234992.0
5830.0,-1.8999999999996362,220,1236092.0
5835.0,-1.900000000000091,220,1237192.0
5840.0,-1.900000000000091,220,1238292.0
5845.0,-1.900000000000091,220,1239392.0
5850.0,-1.900000000000091,220,1240492.0
5855.0,-1.8999999999996362,220,1241592.0
5860.0,-1.900000000000091,220,1242692.0
5865.0,-1.900000000000091,220,1243792.0
5870.0,-1.900000000000091,220,1244892.0
5875.0,-1.900000000000091,220,1245992.0
5880.0,-1.8999999999996362,220,1247092.0
5885.0,-1.900000000000091,220,1248192.0
5890.0,-1.900000000000091,220,1249292.0
5895.0,-1.900000000000091,220,1250392.0
5900.0,-1.900000000000091,220,1251492.0
5905.0,-1.8999999999996362,220,1252592.0
5910.0,-1.900000000000091,220,1253692.0
5915.0,-1.900000000000091,220,1254792.0
5920.0,-1.900000000000091,220,1255892.0
5925.0,-1.900000000000091,220,1256992.0
5930.0,-1.8999999999996362,220,1258092.0
5935.0,-1.900000000000091,220,1259192.0
5940.0,-1.900000000000091,220,1260292.0
5945.0,-1.900000000000091,220,1261392.0
5950.0,-1.900000000000091,220,1262492.0
5955.0,-1.8999999999996362,220,1263592.0
5960.0,-1.900000000000091,220,1264692.0
5965.0,-1.900000000000091,220,1265792.0
5970.0,-1.900000000000091,220,1266892.0
5975.0,-1.900000000000091,220,1267992.0
5980.0,-1.8999999999996362,220,1269092.0
5985.0,-1.900000000000091,220,1270192.0
5990.0,-1.900000000000091,220,1271292.0
5995.0,-1.900000000000091,220,1272392.0
6000.0,-1.900000000000091,220,1273492.0
6005.0,-1.8999999999996362,220,1274592.0
6010.0,-1.900000000000091,220,1275692.0
6015.0,-1.900000000000091,220,1276792.0
6020.0,-1.900000000000091,220,1277892.0
6025.0,-1.900000000000091,220,1278992.0
6030.0,-1.8999999999996362,220,1280092.0
6035.0,-1.900000000000091,220,1281192.0
6040.0,-1.900000000000091,220,1282292.0
6045.0,-1.900000000000091,220,1283392.0
6050.0,-1.900000000000091,220,1284492.0
6055.0,-1.8999999999996362,220,1285592.0
6060.0,-1.900000000000091,220,1286692.0
6065.0,-1.900000000000091,220,1287792.0
6070.0,-1.900000000000091,220,1288892.0
6075.0,-1.900000000000091,220,1289992.0
6080.0,-1.8999999999996362,220,1291092.0
6085.0,-1.900000000000091,220,1292192.0
6090.0,-1.900000000000091,220,1293292.0
6095.0,-1.900000000000091,220,1294392.0
6100.0,-1.900000000000091,220,1295492.0
6105.0,-1.8999999999996362,220,1296592.0
6110.0,-1.900000000000091,220,1297692.0
6115.0,-1.900000000000091,220,1298792.0
6120.0,-1.900000000000091,220,1299892.0
6125.0,-1.900000000000091,220,1300992.0
6130.0,-1.8999999999996362,220,1302092.0
6135.0,-1.900000000000091,220,1303192.0
6140.0,-1.900000000000091,220,1304292.0
6145.0,-1.900000000000091,220,1305392.0
6150.0,-1.900000000000091,220,1306492.0
6155.0,-1.8999999999996362,220,1307592.0
6160.0,-1.900000000000091,220,1308692.0
6165.0,-1.900000000000091,220,1309792.0
6170.0,-1.900000000000091,220,1310892.0
6175.0,-1.900000000000091,220,1311992.0
6180.0,-1.8999999999996362,220,1313092.0
6185.0,-1.900000000000091,220,1314192.0
6190.0,-1.900000000000091,220,1315292.0
6195.0,-1.900000000000091,220,1316392.0
6200.0,-1.900000000000091,220,1317492.0
6205.0,-1.8999999999996362,220,1318592.0
6210.0,-1.900000000000091,220,1319692.0
6215.0,-1.900000000000091,220,1320792.0
6220.0,-1.900000000000091,220,1321892.0
6225.0,-1.900000000000091,220,1322992.0
6230.0,-1.8999999999996362,220,1324092.0
6235.0,-1.900000000000091,220,1325192.0
6240.0,-1.900000000000091,220,1326292.0
6245.0,-1.900000000000091,220,1327392.0
6250.0,-1.900000000000091,220,1328492.0
6255.0,-1.8999999999996362,220,1329592.0
6260.0,-1.900000000000091,220,1330692.0
6265.0,-1.900000000000091,220,1331792.0
6270.0,-1.900000000000091,220,1332892.0
6275.0,-1.900000000000091,220,1333992.0
6280.0,-1.8999999999996362,220,1335092.0
6285.0,-1.900000000000091,220,1336192.0
6290.0,-1.900000000000091,220,1337292.0
6295.0,-1.900000000000091,220,1338392.0
6300.0,-1.900000000000091,220,1339492.0
6305.0,-1.8999999999996362,220,1340592.0
6310.0,-1.900000000000091,220,1341692.0
6315.0,-1.900000000000091,220,1342792.0
6320.0,-1.900000000000091,220,1343892.0
6325.0,-1.900000000000091,220,1344992.0
6330.0,-1.8999999999996362,220,1346092.0
6335.0,-1.900000000000091,220,1347192.0
6340.0,-1.900000000000091,220,1348292.0
6345.0,-1.900000000000091,220,1349392.0
6350.0,-1.900000000000091,220,1350492.0
6355.0,-1.8999999999996362,220,1351592.0
6360.0,-1.900000000000091,220,1352692.0
6365.0,-1.900000000000091,220,1353792.0
6370.0,-1.900000000000091,220,1354892.0
6375.0,-1.900000000000091,220,1355992.0
6380.0,-1.8999999999996362,220,1357092.0
6385.0,-1.900000000000091,220,1358192.0
6390.0,-1.900000000000091,220,1359292.0
6395.0,-1.900000000000091,220,1360392.0
6400.0,-1.900000000000091,220,1361492.0
6405.0,-1.8999999999996362,220,1362592.0
6410.0,-1.900000000000091,220,1363692.0
6415.0,-1.900000000000091,220,1364792.0
6420.0,-1.900000000000091,220,1365892.0
6425.0,-1.900000000000091,220,1366992.0
6430.0,-1.8999999999996362,220,1368092.0
6435.0,-1.900000000000091,220,1369192.0
6440.0,-1.900000000000091,220,1370292.0
6445.0,-1.900000000000091,220,1371392.0
6450.0,-1.900000000000091,220,1372492.0
6455.0,-1.8999999999996362,220,1373592.0
6460.0,-1.900000000000091,220,1374692.0
6465.0,-1.900000000000091,220,1375792.0
6470.0,-1.900000000000091,220,1376892.0
6475.0,-1.900000000000091,220,1377992.0
6480.0,-1.8999999999996362,220,1379092.0
6485.0,-1.900000000000091,220,1380192.0
6490.0,-1.900000000000091,220,1381292.0
6495.0,-1.900000000000091,220,1382392.0
6500.0,-1.900000000000091,220,1383492.0
6505.0,-1.8999999999996362,220,1384592.0
6510.0,-1.900000000000091,220,1385692.0
6515.0,-1.900000000000091,220,1386792.0
6520.0,-1.900000000000091,220,1387892.0
6525.0,-1.900000000000091,220,1388992.0
6530.0,-1.8999999999996362,220,1390092.0
6535.0,-1.900000000000091,220,1391192.0
6540.0,-1.900000000000091,220,1392292.0
6545.0,-1.900000000000091,220,1393392.0
6550.0,-1.900000000000091,220,1394492.0
6555.0,-1.8999999999996362,220,1395592.0
6560.0,-1.900000000000091,220,1396692.0
6565.0,-1.900000000000091,220,1397792.0
6570.0,-1.900000000000091,220,1398892.0
6575.0,-1.900000000000091,220,1399992.0
6580.0,-1.8999999999996362,220,1401092.0
6585.0,-1.900000000000091,220,1402192.0
6590.0,-1.900000000000091,220,1403292.0
6595.0,-1.900000000000091,220,1404392.0
6600.0,-1.900000000000091,220,1405492.0
6605.0,-1.8999999999996362,220,1406592.0
6610.0,-1.900000000000091,220,1407692.0
6615.0,-1.900000000000091,220,1408792.0
6620.0,-1.900000000000091,220,1409892.0
6625.0,-1.900000000000091,220,1410992.0
6630.0,-1.8999999999996362,220,1412092.0
6635.0,-1.900000000000091,220,1413192.0
6640.0,-1.900000000000091,220,1414292.0
6645.0,-1.900000000000091,220,1415392.0
6650.0,-1.900000000000091,220,1416492.0
6655.0,-1.8999999999996362,220,1417592.0
6660.0,-1.900000000000091,220,1418692.0
6665.0,-1.900000000000091,220,1419792.0
6670.0,-1.900000000000091,220,1420892.0
6675.0,-1.900000000000091,220,1421992.0
6680.0,-1.8999999999996362,220,1423092.0
6685.0,-1.900000000000091,220,1424192.0
6690.0,-1.900000000000091,220,1425292.0
6695.0,-1.900000000000091,220,1426392.0
6700.0,-1.900000000000091,220,1427492.0
6705.0,-1.8999999999996362,220,1428592.0
6710.0,-1.900000000000091,220,1429692.0
6715.0,-1.900000000000091,220,1430792.0
6720.0,-1.900000000000091,220,1431892.0
6725.0,-1.900000000000091,220,1432992.0
6730.0,-1.8999999999996362,220,1434092.0
6735.0,-1.900000000000091,220,1435192.0
6740.0,-1.900000000000091,220,1436292.0
6745.0,-1.900000000000091,220,1437392.0
6750.0,-1.900000000000091,220,1438492.0
6755.0,-1.8999999999996362,220,1439592.0
6760.0,-1.900000000000091,220,1440692.0
6765.0,-1.900000000000091,220,1441792.0
6770.0,-1.900000000000091,220,1442892.0
6775.0,-1.900000000000091,220,1443992.0
6780.0,-1.8999999999996362,220,1445092.0
6785.0,-1.900000000000091,220,1446192.0
6790.0,-1.900000000000091,220,1447292.0
6795.0,-1.900000000000091,220,1448392.0
6800.0,-1.900000000000091,220,1449492.0
6805.0,-1.8999999999996362,220,1450592.0
6810.0,-1.900000000000091,220,1451692.0
6815.0,-1.900000000000091,220,1452792.0
6820.0,-1.900000000000091,220,1453892.0
6825.0,-1.900000000000091,220,1454992.0
6830.0,-1.8999999999996362,220,1456092.0
6835.0,-1.900000000000091,220,1457192.0
6840.0,-1.900000000000091,220,1458292.0
6845.0,-1.900000000000091,220,1459392.0
6850.0,-1.900000000000091,220,1460492.0
6855.0,-1.8999999999996362,220,1461592.0
6860.0,-1.900000000000091,220,1462692.0
6865.0,-1.900000000000091,220,1463792.0
6870.0,-1.900000000000091,220,1464892.0
6875.0,-1.900000000000091,220,1465992.0
6880.0,-1.8999999999996362,220,1467092.0
6885.0,-1.900000000000091,220,1468192.0
6890.0,-1.900000000000091,220,1469292.0
6895.0,-1.900000000000091,220,1470392.0
6900.0,-1.900000000000091,220,1471492.0
6905.0,-1.8999999999996362,220,1472592.0
6910.0,-1.900000000000091,220,1473692.0
6915.0,-1.900000000000091,220,1474792.0
6920.0,-1.900000000000091,220,1475892.0
6925.0,-1.900000000000091,220,1476992.0
6930.0,-1.8999999999996362,220,1478092.0
6935.0,-1.900000000000091,220,1479192.0
6940.0,-1.900000000000091,220,1480292.0
6945.0,-1.900000000000091,220,1481392.0
6950.0,-1.900000000000091,220,1482492.0
6955.0,-1.8999999999996362,220,1483592.0
6960.0,-1.900000000000091,220,1484692.0
6965.0,-1.900000000000091,220,1485792.0
6970.0,-1.900000000000091,220,1486892.0
6975.0,-1.900000000000091,220,1487992.0
6980.0,-1.8999999999996362,220,1489092.0
6985.0,-1.900000000000091,220,1490192.0
6990.0,-1.900000000000091,220,1491292.0
6995.0,-1.900000000000091,220,1492392.0
7000.0,-1.900000000000091,220,1493492.0
7005.0,-1.8999999999996362,220,1494592.0
7010.0,-1.900000000000091,220,1495692.0
7015.0,-1.900000000000091,220,1496792.0
7020.0,-1.900000000000091,220,1497892.0
7025.0,-1.900000000000091,220,1498992.0
7030.0,-1.8999999999996362,220,1500092.0
7035.0,-1.900000000000091,220,1501192.0
7040.0,-1.900000000000091,220,1502292.0
7045.0,-1.900000000000091,220,1503392.0
7050.0,-1.900000000000091,220,1504492.0
7055.0,-1.8999999999996362,220,1505592.0
7060.0,-1.900000000000091,220,1506692.0
7065.0,-1.900000000000091,220,1507792.0
7070.0,-1.900000000000091,220,1508892.0
7075.0,-1.900000000000091,220,1509992.0
7080.0,-1.8999999999996362,220,1511092.0
7085.0,-1.900000000000091,220,1512192.0
7090.0,-1.900000000000091,220,1513292.0
7095.0,-1.900000000000091,220,1514392.0
7100.0,-1.900000000000091,220,1515492.0
7105.0,-1.8999999999996362,220,1516592.0
7110.0,-1.900000000000091,220,1517692.0
7115.0,-1.900000000000091,220,1518792.0
7120.0,-1.900000000000091,220,1519892.0
7125.0,-1.900000000000091,220,1520992.0
7130.0,-1.8999999999996362,220,1522092.0
7135.0,-1.900000000000091,220,1523192.0
7140.0,-1.900000000000091,220,1524292.0
7145.0,-1.900000000000091,220,1525392.0
7150.0,-1.900000000000091,220,1526492.0
7155.0,-1.8999999999996362,220,1527592.0
7160.0,-1.900000000000091,220,1528692.0
7165.0,-1.900000000000091,220,1529792.0
7170.0,-1.900000000000091,220,1530892.0
7175.0,-1.900000000000091,220,1531992.0
7180.0,-1.8999999999996362,220,1533092.0
7185.0,-1.900000000000091,220,1534192.0
7190.0,-1.900000000000091,220,1535292.0
7195.0,-1.900000000000091,220,1536392.0
7200.0,-1.900000000000091,220,1537492.0
7205.0,-1.8999999999996362,220,1538592.0
7210.0,-1.900000000000091,220,1539692.0
7215.0,-1.900000000000091,220,1540792.0
7220.0,-1.900000000000091,220,1541892.0
7225.0,-1.900000000000091,220,1542992.0
7230.0,-1.8999999999996362,220,1544092.0
7235.0,-1.900000000000091,220,1545192.0
7240.0,-1.900000000000091,220,1546292.0
7245.0,-1.900000000000091,220,1547392.0
7250.0,-1.900000000000091,220,1548492.0
7255.0,-1.8999999999996362,220,1549592.0
7260.0,-1.900000000000091,220,1550692.0
7265.0,-1.900000000000091,220,1551792.0
7270.0,-1.900000000000091,220,1552892.0
7275.0,-1.900000000000091,220,1553992.0
7280.0,-1.8999999999996362,220,1555092.0
7285.0,-1.900000000000091,220,1556192.0
7290.0,-1.900000000000091,220,1557292.0
7295.0,-1.900000000000091,220,1558392.0
7300.0,-1.900000000000091,220,1559492.0
7305.0,-1.8999999999996362,220,1560592.0
7310.0,-1.900000000000091,220,1561692.0
7315.0,-1.900000000000091,220,1562792.0
7320.0,-1.900000000000091,220,1563892.0
7325.0,-1.900000000000091,220,1564992.0
7330.0,-1.8999999999996362,220,1566092.0
7335.0,-1.900000000000091,220,1567192.0
7340.0,-1.900000000000091,220,1568292.0
7345.0,-1.900000000000091,220,1569392.0
7350.0,-1.900000000000091,220,1570492.0
7355.0,-1.8999999999996362,220,1571592.0
7360.0,-1.900000000000091,220,1572692.0
7365.0,-1.900000000000091,220,1573792.0
7370.0,-1.900000000000091,220,1574892.0
7375.0,-1.900000000000091,220,1575992.0
7380.0,-1.8999999999996362,220,1577092.0
7385.0,-1.900000000000091,220,1578192.0
7390.0,-1.900000000000091,220,1579292.0
7395.0,-1.900000000000091,220,1580392.0
7400.0,-1.900000000000091,220,1581492.0
7405.0,-1.8999999999996362,220,1582592.0
7410.0,-1.900000000000091,220,1583692.0
7415.0,-1.900000000000091,220,1584792.0
7420.0,-1.900000000000091,220,1585892.0
7425.0,-1.900000000000091,220,1586992.0
7430.0,-1.8999999999996362,220,1588092.0
7435.0,-1.900000000000091,220,1589192.0
7440.0,-1.900000000000091,220,1590292.0
7445.0,-1.900000000000091,220,1591392.0
7450.0,-1.900000000000091,220,1592492.0
7455.0,-1.8999999999996362,220,1593592.0
7460.0,-1.900000000000091,220,1594692.0
7465.0,-1.900000000000091,220,1595792.0
7470.0,-1.900000000000091,220,1596892.0
7475.0,-1.900000000000091,220,1597992.0
7480.0,-1.8999999999996362,220,1599092.0
7485.0,-1.900000000000091,220,1600192.0
7490.0,-1.900000000000091,220,1601292.0
7495.0,-1.900000000000091,220,1602392.0
7500.0,-1.900000000000091,220,1603492.0
7505.0,-1.8999999999996362,220,1604592.0
7510.0,-1.900000000000091,220,1605692.0
7515.0,-1.900000000000091,220,1606792.0
7520.0,-1.900000000000091,220,1607892.0
7525.0,-1.900000000000091,220,1608992.0
7530.0,-1.8999999999996362,220,1610092.0
7535.0,-1.900000000000091,220,1611192.0
7540.0,-1.900000000000091,220,1612292.0
7545.0,-1.900000000000091,220,1613392.0
7550.0,-1.900000000000091,220,1614492.0
7555.0,-1.8999999999996362,220,1615592.0
7560.0,-1.900000000000091,220,1616692.0
7565.0,-1.900000000000091,220,1617792.0
7570.0,-1.900000000000091,220,1618892.0
7575.0,-1.900000000000091,220,1619992.0
7580.0,-1.8999999999996362,220,1621092.0
7585.0,-1.900000000000091,220,1622192.0
7590.0,-1.900000000000091,220,1623292.0
7595.0,-1.900000000000091,220,1624392.0
7600.0,-1.900000000000091,220,1625492.0
7605.0,-1.8999999999996362,220,1626592.0
7610.0,-1.900000000000091,220,1627692.0
7615.0,-1.900000000000091,220,1628792.0
7620.0,-1.900000000000091,220,1629892.0
7625.0,-1.900000000000091,220,1630992.0
7630.0,-1.8999999999996362,220,1632092.0
7635.0,-1.900000000000091,220,1633192.0
7640.0,-1.900000000000091,220,1634292.0
7645.0,-1.900000000000091,220,1635392.0
7650.0,-1.900000000000091,220,1636492.0
7655.0,-1.8999999999996362,220,1637592.0
7660.0,-1.900000000000091,220,1638692.0
7665.0,-1.900000000000091,220,1639792.0
7670.0,-1.900000000000091,220,1640892.0
7675.0,-1.900000000000091,220,1641992.0
7680.0,-1.8999999999996362,220,1643092.0
7685.0,-1.900000000000091,220,1644192.0
7690.0,-1.900000000000091,220,1645292.0
7695.0,-1.900000000000091,220,1646392.0
7700.0,-1.900000000000091,220,1647492.0
7705.0,-1.8999999999996362,220,1648592.0
7710.0,-1.900000000000091,220,1649692.0
7715.0,-1.900000000000091,220,1650792.0
7720.0,-1.900000000000091,220,1651892.0
7725.0,-1.900000000000091,220,1652992.0
7730.0,-1.8999999999996362,220,1654092.0
7735.0,-1.900000000000091,220,1655192.0
7740.0,-1.900000000000091,220,1656292.0
7745.0,-1.900000000000091,220,1657392.0
7750.0,-1.900000000000091,220,1658492.0
7755.0,-1.8999999999996362,220,1659592.0
7760.0,-1.900000000000091,220,1660692.0
7765.0,-1.900000000000091,220,1661792.0
7770.0,-1.900000000000091,220,1662892.0
7775.0,-1.900000000000091,220,1663992.0
7780.0,-1.8999999999996362,220,1665092.0
7785.0,-1.900000000000091,220,1666192.0
7790.0,-1.900000000000091,220,1667292.0
7795.0,-1.900000000000091,220,1668392.0
7800.0,-1.900000000000091,220,1669492.0
7805.0,-1.8999999999996362,220,1670592.0
7810.0,-1.900000000000091,220,1671692.0
7815.0,-1.900000000000091,220,1672792.0
7820.0,-1.900000000000091,220,1673892.0
7825.0,-1.900000000000091,220,1674992.0
7830.0,-1.8999999999996362,220,1676092.0
7835.0,-1.900000000000091,220,1677192.0
7840.0,-1.900000000000091,220,1678292.0
7845.0,-1.900000000000091,220,1679392.0
7850.0,-1.900000000000091,220,1680492.0
7855.0,-1.8999999999996362,220,1681592.0
7860.0,-1.900000000000091,220,1682692.0
7865.0,-1.900000000000091,220,1683792.0
7870.0,-1.900000000000091,220,1684892.0
7875.0,-1.900000000000091,220,1685992.0
7880.0,-1.8999999999996362,220,1687092.0
7885.0,-1.900000000000091,220,1688192.0
7890.0,-1.900000000000091,220,1689292.0
7895.0,-1.900000000000091,220,1690392.0
7900.0,-1.900000000000091,220,1691492.0
7905.0,-1.8999999999996362,220,1692592.0
7910.0,-1.900000000000091,220,1693692.0
7915.0,-1.900000000000091,220,1694792.0
7920.0,-1.900000000000091,220,1695892.0
7925.0,-1.900000000000091,220,1696992.0
7930.0,-1.8999999999996362,220,1698092.0
7935.0,-1.900000000000091,220,1699192.0
7940.0,-1.900000000000091,220,1700292.0
7945.0,-1.900000000000091,220,1701392.0
7950.0,-1.900000000000091,220,1702492.0
7955.0,-1.8999999999996362,220,1703592.0
7960.0,-1.900000000000091,220,1704692.0
7965.0,-1.900000000000091,220,1705792.0
7970.0,-1.900000000000091,220,1706892.0
7975.0,-1.900000000000091,220,1707992.0
7980.0,-1.8999999999996362,220,1709092.0
7985.0,-1.900000000000091,220,1710192.0
7990.0,-1.900000000000091,220,1711292.0
7995.0,-1.900000000000091,220,1712392.0
8000.0,-1.900000000000091,220,1713492.0
8005.0,-1.8999999999996362,220,1714592.0
8010.0,-1.900000000000091,220,1715692.0
8015.0,-1.900000000000091,220,1716792.0
8020.0,-1.900000000000091,220,1717892.0
8025.0,-1.900000000000091,220,1718992.0
8030.0,-1.8999999999996362,220,1720092.0
8035.0,-1.900000000000091,220,1721192.0
8040.0,-1.900000000000091,220,1722292.0
8045.0,-1.900000000000091,220,1723392.0
8050.0,-1.900000000000091,220,1724492.0
8055.0,-1.8999999999996362,220,1725592.0
8060.0,-1.900000000000091,220,1726692.0
8065.0,-1.900000000000091,220,1727792.0
8070.0,-1.900000000000091,220,1728892.0
8075.0,-1.900000000000091,220,1729992.0
8080.0,-1.8999999999996362,220,1731092.0
8085.0,-1.900000000000091,220,1732192.0
8090.0,-1.900000000000091,220,1733292.0
8095.0,-1.900000000000091,220,1734392.0
8100.0,-1.900000000000091,220,1735492.0
8105.0,-1.8999999999996362,220,1736592.0
8110.0,-1.900000000000091,220,1737692.0
8115.0,-1.900000000000091,220,1738792.0
8120.0,-1.900000000000091,220,1739892.0
8125.0,-1.900000000000091,220,1740992.0
8130.0,-1.8999999999996362,220,1742092.0
8135.0,-1.900000000000091,220,1743192.0
8140.0,-1.900000000000091,220,1744292.0
8145.0,-1.900000000000091,220,1745392.0
8150.0,-1.900000000000091,220,1746492.0
8155.0,-1.8999999999996362,220,1747592.0
8160.0,-1.900000000000091,220,1748692.0
8165.0,-1.900000000000091,220,1749792.0
8170.0,-1.900000000000091,220,1750892.0
8175.0,-1.900000000000091,220,1751992.0
8180.0,-1.8999999999996362,220,1753092.0
8185.0,-1.900000000000091,220,1754192.0
8190.0,-1.900000000000091,220,1755292.0
8195.0,-1.900000000000091,220,1756392.0
8200.0,-1.900000000000091,220,1757492.0
8205.0,-1.8999999999996362,220,1758592.0
8210.0,-1.900000000000091,220,1759692.0
8215.0,-1.900000000000091,220,1760792.0
8220.0,-1.900000000000091,220,1761892.0
8225.0,-1.900000000000091,220,1762992.0
8230.0,-1.8999999999996362,220,1764092.0
8235.0,-1.900000000000091,220,1765192.0
8240.0,-1.900000000000091,220,1766292.0
8245.0,-1.900000000000091,220,1767392.0
8250.0,-1.900000000000091,220,1768492.0
8255.0,-1.8999999999996362,220,1769592.0
8260.0,-1.900000000000091,220,1770692.0
8265.0,-1.900000000000091,220,1771792.0
8270.0,-1.900000000000091,220,1772892.0
8275.0,-1.900000000000091,220,1773992.0
8280.0,-1.8999999999996362,220,1775092.0
8285.0,-1.900000000000091,220,1776192.0
8290.0,-1.900000000000091,220,1777292.0
8295.0,-1.900000000000091,220,1778392.0
8300.0,-1.900000000000091,220,1779492.0
8305.0,-1.8999999999996362,220,1780592.0
8310.0,-1.900000000000091,220,1781692.0
8315.0,-1.900000000000091,220,1782792.0
8320.0,-1.900000000000091,220,1783892.0
8325.0,-1.900000000000091,220,1784992.0
8330.0,-1.8999999999996362,220,1786092.0
8335.0,-1.900000000000091,220,1787192.0
8340.0,-1.900000000000091,220,1788292.0
8345.0,-1.900000000000091,220,1789392.0
8350.0,-1.900000000000091,220,1790492.0
8355.0,-1.8999999999996362,220,1791592.0
8360.0,-1.900000000000091,220,1792692.0
8365.0,-1.900000000000091,220,1793792.0
8370.0,-1.900000000000091,220,1794892.0
8375.0,-1.900000000000091,220,1795992.0
8380.0,-1.8999999999996362,220,1797092.0
8385.0,-1.900000000000091,220,1798192.0
8390.0,-1.900000000000091,220,1799292.0
8395.0,-1.900000000000091,220,1800392.0
8400.0,-1.900000000000091,220,1801492.0
8405.0,-1.8999999999996362,220,1802592.0
8410.0,-1.900000000000091,220,1803692.0
8415.0,-1.900000000000091,220,1804792.0
8420.0,-1.900000000000091,220,1805892.0
8425.0,-1.900000000000091,220,1806992.0
8430.0,-1.8999999999996362,220,1808092.0
8435.0,-1.900000000000091,220,1809192.0
8440.0,-1.900000000000091,220,1810292.0
8445.0,-1.900000000000091,220,1811392.0
8450.0,-1.900000000000091,220,1812492.0
8455.0,-1.8999999999996362,220,1813592.0
8460.0,-1.900000000000091,220,1814692.0
8465.0,-1.900000000000091,220,1815792.0
8470.0,-1.900000000000091,220,1816892.0
8475.0,-1.900000000000091,220,1817992.0
8480.0,-1.8999999999996362,220,1819092.0
8485.0,-1.900000000000091,220,1820192.0
8490.0,-1.900000000000091,220,1821292.0
8495.0,-1.900000000000091,220,1822392.0
8500.0,-1.900000000000091,220,1823492.0
8505.0,-1.8999999999996362,220,1824592.0
8510.0,-1.900000000000091,220,1825692.0
8515.0,-1.900000000000091,220,1826792.0
8520.0,-1.900000000000091,220,1827892.0
8525.0,-1.900000000000091,220,1828992.0
8530.0,-1.8999999999996362,220,1830092.0
8535.0,-1.900000000000091,220,1831192.0
8540.0,-1.900000000000091,220,1832292.0
8545.0,-1.900000000000091,220,1833392.0
8550.0,-1.900000000000091,220,1834492.0
8555.0,-1.8999999999996362,220,1835592.0
8560.0,-1.900000000000091,220,1836692.0
8565.0,-1.900000000000091,220,1837792.0
8570.0,-1.900000000000091,220,1838892.0
8575.0,-1.900000000000091,220,1839992.0
8580.0,-1.8999999999996362,220,1841092.0
8585.0,-1.900000000000091,220,1842192.0
8590.0,-1.900000000000091,220,1843292.0
8595.0,-1.900000000000091,220,1844392.0
8600.0,-1.900000000000091,220,1845492.0
8605.0,-1.8999999999996362,220,1846592.0
8610.0,-1.900000000000091,220,1847692.0
8615.0,-1.900000000000091,220,1848792.0
8620.0,-1.900000000000091,220,1849892.0
8625.0,-1.900000000000091,220,1850992.0
8630.0,-1.8999999999996362,220,1852092.0
8635.0,-1.900000000000091,220,1853192.0
8640.0,-1.900000000000091,220,1854292.0
8645.0,-1.900000000000091,220,1855392.0
8650.0,-1.900000000000091,220,1856492.0
8655.0,-1.8999999999996362,220,1857592.0
8660.0,-1.900000000000091,220,1858692.0
8665.0,-1.900000000000091,220,1859792.0
8670.0,-1.900000000000091,220,1860892.0
8675.0,-1.900000000000091,220,1861992.0
8680.0,-1.8999999999996362,220,1863092.0
8685.0,-1.900000000000091,220,1864192.0
8690.0,-1.900000000000091,220,1865292.0
8695.0,-1.900000000000091,220,1866392.0
8700.0,-1.900000000000091,220,1867492.0
8705.0,-1.8999999999996362,220,1868592.0
8710.0,-1.900000000000091,220,1869692.0
8715.0,-1.900000000000091,220,1870792.0
8720.0,-1.900000000000091,220,1871892.0
8725.0,-1.900000000000091,220,1872992.0
8730.0,-1.8999999999996362,220,1874092.0
8735.0,-1.900000000000091,220,1875192.0
8740.0,-1.900000000000091,220,1876292.0
8745.0,-1.900000000000091,220,1877392.0
8750.0,-1.900000000000091,220,1878492.0
8755.0,-1.8999999999996362,220,1879592.0
8760.0,-1.900000000000091,220,1880692.0
8765.0,-1.900000000000091,220,1881792.0
8770.0,-1.900000000000091,220,1882892.0
8775.0,-1.900000000000091,220,1883992.0
8780.0,-1.8999999999996362,220,1885092.0
8785.0,-1.900000000000091,220,1886192.0
8790.0,-1.900000000000091,220,1887292.0
8795.0,-1.900000000000091,220,1888392.0
8800.0,-1.900000000000091,220,1889492.0
8805.0,-1.8999999999996362,220,1890592.0
8810.0,-1.900000000000091,220,1891692.0
8815.0,-1.900000000000091,220,1892792.0
8820.0,-1.900000000000091,220,1893892.0
8825.0,-1.900000000000091,220,1894992.0
8830.0,-1.8999999999996362,220,1896092.0
8835.0,-1.900000000000091,220,1897192.0
8840.0,-1.900000000000091,220,1898292.0
8845.0,-1.900000000000091,220,1899392.0
8850.0,-1.900000000000091,220,1900492.0
8855.0,-1.8999999999996362,220,1901592.0
8860.0,-1.900000000000091,220,1902692.0
8865.0,-1.900000000000091,220,1903792.0
8870.0,-1.900000000000091,220,1904892.0
8875.0,-1.900000000000091,220,1905992.0
8880.0,-1.8999999999996362,220,1907092.0
8885.0,-1.900000000000091,220,1908192.0
8890.0,-1.900000000000091,220,1909292.0
8895.0,-1.900000000000091,220,1910392.0
8900.0,-1.900000000000091,220,1911492.0
8905.0,-1.8999999999996362,220,1912592.0
8910.0,-1.900000000000091,220,1913692.0
8915.0,-1.900000000000091,220,1914792.0
8920.0,-1.900000000000091,220,1915892.0
8925.0,-1.900000000000091,220,1916992.0
8930.0,-1.8999999999996362,220,1918092.0
8935.0,-1.900000000000091,220,1919192.0
8940.0,-1.900000000000091,220,1920292.0
8945.0,-1.900000000000091,220,1921392.0
8950.0,-1.900000000000091,220,1922492.0
8955.0,-1.8999999999996362,220,1923592.0
8960.0,-1.900000000000091,220,1924692.0
8965.0,-1.900000000000091,220,1925792.0
8970.0,-1.900000000000091,220,1926892.0
8975.0,-1.900000000000091,220,1927992.0
8980.0,-1.8999999999996362,220,1929092.0
8985.0,-1.900000000000091,220,1930192.0
8990.0,-1.900000000000091,220,1931292.0
8995.0,-1.900000000000091,220,1932392.0
9000.0,-1.900000000000091,220,1933492.0
9005.0,-1.8999999999996362,220,1934592.0
9010.0,-1.900000000000091,220,1935692.0
9015.0,-1.900000000000091,220,1936792.0
9020.0,-1.900000000000091,220,1937892.0
9025.0,-1.900000000000091,220,1938992.0
9030.0,-1.8999999999996362,220,1940092.0
9035.0,-1.900000000000091,220,1941192.0
9040.0,-1.900000000000091,220,1942292.0
9045.0,-1.900000000000091,220,1943392.0
9050.0,-1.900000000000091,220,1944492.0
9055.0,-1.8999999999996362,220,1945592.0
9060.0,-1.900000000000091,220,1946692.0
9065.0,-1.900000000000091,220,1947792.0
9070.0,-1.900000000000091,220,1948892.0
9075.0,-1.900000000000091,220,1949992.0
9080.0,-1.8999999999996362,220,1951092.0
9085.0,-1.900000000000091,220,1952192.0
9090.0,-1.900000000000091,220,1953292.0
9095.0,-1.900000000000091,220,1954392.0
9100.0,-1.900000000000091,220,1955492.0
9105.0,-1.8999999999996362,220,1956592.0
9110.0,-1.900000000000091,220,1957692.0
9115.0,-1.900000000000091,220,1958792.0
9120.0,-1.900000000000091,220,1959892.0
9125.0,-1.900000000000091,220,1960992.0
9130.0,-1.8999999999996362,220,1962092.0
9135.0,-1.900000000000091,220,1963192.0
9140.0,-1.900000000000091,220,1964292.0
9145.0,-1.900000000000091,220,1965392.0
9150.0,-1.900000000000091,220,1966492.0
9155.0,-1.8999999999996362,220,1967592.0
9160.0,-1.900000000000091,220,1968692.0
9165.0,-1.900000000000091,220,1969792.0
9170.0,-1.900000000000091,220,1970892.0
9175.0,-1.900000000000091,220,1971992.0
9180.0,-1.8999999999996362,220,1973092.0
9185.0,-1.900000000000091,220,1974192.0
9190.0,-1.900000000000091,220,1975292.0
9195.0,-1.900000000000091,220,1976392.0
9200.0,-1.900000000000091,220,1977492.0
9205.0,-1.8999999999996362,220,1978592.0
9210.0,-1.900000000000091,220,1979692.0
9215.0,-1.900000000000091,220,1980792.0
9220.0,-1.900000000000091,220,1981892.0
9225.0,-1.900000000000091,220,1982992.0
9230.0,-1.8999999999996362,220,1984092.0
9235.0,-1.900000000000091,220,1985192.0
9240.0,-1.900000000000091,220,1986292.0
9245.0,-1.900000000000091,220,1987392.0
9250.0,-1.900000000000091,220,1988492.0
9255.0,-1.8999999999996362,220,1989592.0
9260.0,-1.900000000000091,220,1990692.0
9265.0,-1.900000000000091,220,1991792.0
9270.0,-1.900000000000091,220,1992892.0
9275.0,-1.900000000000091,220,1993992.0
9280.0,-1.8999999999996362,220,1995092.0
9285.0,-1.900000000000091,220,1996192.0
9290.0,-1.900000000000091,220,1997292.0
9295.0,-1.900000000000091,220,1998392.0
9300.0,-1.900000000000091,220,1999492.0
9305.0,-1.8999999999996362,220,2000592.0
9310.0,-1.900000000000091,220,2001692.0
9315.0,-1.900000000000091,220,2002792.0
9320.0,-1.900000000000091,220,2003892.0
9325.0,-1.900000000000091,220,2004992.0
9330.0,-1.8999999999996362,220,2006092.0
9335.0,-1.900000000000091,220,2007192.0
9340.0,-1.900000000000091,220,2008292.0
9345.0,-1.900000000000091,220,2009392.0
9350.0,-1.900000000000091,220,2010492.0
9355.0,-1.8999999999996362,220,2011592.0
9360.0,-1.900000000000091,220,2012692.0
9365.0,-1.900000000000091,220,2013792.0
9370.0,-1.900000000000091,220,2014892.0
9375.0,-1.900000000000091,220,2015992.0
9380.0,-1.8999999999996362,220,2017092.0
9385.0,-1.900000000000091,220,2018192.0
9390.0,-1.900000000000091,220,2019292.0
9395.0,-1.900000000000091,220,2020392.0
9400.0,-1.900000000000091,220,2021492.0
9405.0,-1.8999999999996362,220,2022592.0
9410.0,-1.900000000000091,220,2023692.0
9415.0,-1.900000000000091,220,2024792.0
9420.0,-1.900000000000091,220,2025892.0
9425.0,-1.900000000000091,220,2026992.0
9430.0,-1.8999999999996362,220,2028092.0
9435.0,-1.900000000000091,220,2029192.0
9440.0,-1.900000000000091,220,2030292.0
9445.0,-1.900000000000091,220,2031392.0
9450.0,-1.900000000000091,220,2032492.0
9455.0,-1.8999999999996362,220,2033592.0
9460.0,-1.900000000000091,220,2034692.0
9465.0,-1.900000000000091,220,2035792.0
9470.0,-1.900000000000091,220,2036892.0
9475.0,-1.900000000000091,220,2037992.0
9480.0,-1.8999999999996362,220,2039092.0
9485.0,-1.900000000000091,220,2040192.0
9490.0,-1.900000000000091,220,2041292.0
9495.0,-1.900000000000091,220,2042392.0
9500.0,-1.900000000000091,220,2043492.0
9505.0,-1.8999999999996362,220,2044592.0
9510.0,-1.900000000000091,220,2045692.0
9515.0,-1.900000000000091,220,2046792.0
9520.0,-1.900000000000091,220,2047892.0
9525.0,-1.900000000000091,220,2048992.0
9530.0,-1.8999999999996362,220,2050092.0
9535.0,-1.900000000000091,220,2051192.0
9540.0,-1.900000000000091,220,2052292.0
9545.0,-1.900000000000091,220,2053392.0
9550.0,-1.900000000000091,220,2054492.0
9555.0,-1.8999999999996362,220,2055592.0
9560.0,-1.900000000000091,220,2056692.0
9565.0,-1.900000000000091,220,2057792.0
9570.0,-1.900000000000091,220,2058892.0
9575.0,-1.900000000000091,220,2059992.0
9580.0,-1.8999999999996362,220,2061092.0
9585.0,-1.900000000000091,220,2062192.0
9590.0,-1.900000000000091,220,2063292.0
9595.0,-1.900000000000091,220,2064392.0
9600.0,-1.900000000000091,220,2065492.0
9605.0,-1.8999999999996362,220,2066592.0
9610.0,-1.900000000000091,220,2067692.0
9615.0,-1.900000000000091,220,2068792.0
9620.0,-1.900000000000091,220,2069892.0
9625.0,-1.900000000000091,220,2070992.0
9630.0,-1.8999999999996362,220,2072092.0
9635.0,-1.900000000000091,220,2073192.0
9640.0,-1.900000000000091,220,2074292.0
9645.0,-1.900000000000091,220,2075392.0
9650.0,-1.900000000000091,220,2076492.0
9655.0,-1.8999999999996362,220,2077592.0
9660.0,-1.900000000000091,220,2078692.0
9665.0,-1.900000000000091,220,2079792.0
9670.0,-1.900000000000091,220,2080892.0
9675.0,-1.900000000000091,220,2081992.0
9680.0,-1.8999999999996362,220,2083092.0
9685.0,-1.900000000000091,220,2084192.0
9690.0,-1.900000000000091,220,2085292.0
9695.0,-1.900000000000091,220,2086392.0
9700.0,-1.900000000000091,220,2087492.0
9705.0,-1.8999999999996362,220,2088592.0
9710.0,-1.900000000000091,220,2089692.0
9715.0,-1.900000000000091,220,2090792.0
9720.0,-1.900000000000091,220,2091892.0
9725.0,-1.900000000000091,220,2092992.0
9730.0,-1.8999999999996362,220,2094092.0
9735.0,-1.900000000000091,220,2095192.0
9740.0,-1.900000000000091,220,2096292.0
9745.0,-1.900000000000091,220,2097392.0
9750.0,-1.900000000000091,220,2098492.0
9755.0,-1.8999999999996362,220,2099592.0
9760.0,-1.900000000000091,220,2100692.0
9765.0,-1.900000000000091,220,2101792.0
9770.0,-1.900000000000091,220,2102892.0
9775.0,-1.900000000000091,220,2103992.0
9780.0,-1.8999999999996362,220,2105092.0
9785.0,-1.900000000000091,220,2106192.0
9790.0,-1.900000000000091,220,2107292.0
9795.0,-1.900000000000091,220,2108392.0
9800.0,-1.900000000000091,220,2109492.0
9805.0,-1.8999999999996362,220,2110592.0
9810.0,-1.900000000000091,220,2111692.0
9815.0,-1.900000000000091,220,2112792.0
9820.0,-1.900000000000091,220,2113892.0
9825.0,-1.900000000000091,220,2114992.0
9830.0,-1.8999999999996362,220,2116092.0
9835.0,-1.900000000000091,220,2117192.0
9840.0,-1.900000000000091,220,2118292.0
9845.0,-1.900000000000091,220,2119392.0
9850.0,-1.900000000000091,220,2120492.0
9855.0,-1.8999999999996362,220,2121592.0
9860.0,-1.900000000000091,220,2122692.0
9865.0,-1.900000000000091,220,2123792.0
9870.0,-1.900000000000091,220,2124892.0
9875.0,-1.900000000000091,220,2125992.0
9880.0,-1.8999999999996362,220,2127092.0
9885.0,-1.900000000000091,220,2128192.0
9890.0,-1.900000000000091,220,2129292.0
9895.0,-1.900000000000091,220,2130392.0
9900.0,-1.900000000000091,220,2131492.0
9905.0,-1.8999999999996362,220,2132592.0
9910.0,-1.900000000000091,220,2133692.0
9915.0,-1.900000000000091,220,2134792.0
9920.0,-1.900000000000091,220,2135892.0
9925.0,-1.900000000000091,220,2136992.0
9930.0,-1.8999999999996362,220,2138092.0
9935.0,-1.900000000000091,220,2139192.0
9940.0,-1.900000000000091,220,2140292.0
9945.0,-1.900000000000091,220,2141392.0
9950.0,-1.900000000000091,220,2142492.0
9955.0,-1.8999999999996362,220,2143592.0
9960.0,-1.900000000000091,220,2144692.0
9965.0,-1.900000000000091,220,2145792.0
9970.0,-1.900000000000091,220,2146892.0
9975.0,-1.900000000000091,220,2147992.0
9980.0,-1.8999999999996362,220,2149092.0
9985.0,-1.900000000000091,220,2150192.0
9990.0,-1.900000000000091,220,2151292.0
9995.0,-1.900000000000091,220,2152392.0
10000.0,-1.900000000000091,220,2153492.0
10005.0,-1.8999999999996362,220,2154592.0
10010.0,-1.900000000000091,220,2155692.0
10015.0,-1.900000000000091,220,2156792.0
10020.0,-1.900000000000091,220,2157892.0
10025.0,-1.900000000000091,220,2158992.0
10030.0,-1.8999999999996362,220,2160092.0
10035.0,-1.900000000000091,220,2161192.0
10040.0,-1.900000000000091,220,2162292.0
10045.0,-1.900000000000091,220,2163392.0
10050.0,-1.900000000000091,220,2164492.0
10055.0,-1.8999999999996362,220,2165592.0
10060.0,-1.900000000000091,220,2166692.0
10065.0,-1.900000000000091,220,2167792.0
10070.0,-1.900000000000091,220,2168892.0
10075.0,-1.900000000000091,220,2169990.0
10080.0,-1.8999999999996362,220,2171074.0
10085.0,-1.900000000000091,220,2172151.0
10090.0,-1.900000000000091,220,2173229.0
10095.0,-1.900000000000091,220,2174276.0
10100.0,-1.900000000000091,220,2175326.0
10105.0,-1.8999999999996362,220,2176393.0
10110.0,-1.900000000000091,220,2177391.0
10115.0,-1.900000000000091,220,2178438.0
10120.0,-1.900000000000091,220,2179492.0
10125.0,-1.900000000000091,220,2180491.0
10130.0,-1.8299999999999272,220,2181540.0
10135.0,-1.900000000000091,220,2182552.0
10140.0,-1.7099999999995816,220,2183535.0
10145.0,-1.7700000000004366,220,2184546.0
10150.0,-1.7999999999997272,220,2185507.0
10155.0,-1.5,220,2186328.0
10160.0,-1.2200000000002547,220,2187040.0
10165.0,-1.1199999999998909,220,2187629.0
10170.0,-1.0599999999999454,220,2188128.0
10175.0,-0.9400000000000546,220,2188548.0
10180.0,-0.8699999999998909,220,2188927.0
10185.0,-0.7699999999999818,220,2189269.0
10190.0,-0.6599999999998545,220,2189572.0
10195.0,-0.5600000000004002,220,2189842.0
10200.0,-0.4899999999997817,220,2190074.0
10205.0,-0.38000000000010914,220,2190272.0
10210.0,-0.29999999999972715,220,2190431.0
10215.0,-0.19000000000005457,220,2190551.0
10220.0,-0.11000000000012733,220,2190636.0
10225.0,-0.01999999999998181,220,2190692.0
10230.0,0.0,220,2190729.0
10235.0,0.0,220,2190747.0
10240.0,0.0,220,2190752.0
10245.0,0.0,220,2190752.0
10250.0,0.0,220,2190752.0
10255.0,0.0,220,2190752.0
10260.0,0.0,220,2190752.0
10265.0,0.0,220,2190752.0
10270.0,0.0,220,2190752.0
10275.0,0.0,220,2190752.0
10280.0,0.0,220,2190752.0
10285.0,0.0,220,2190752.0
10290.0,0.0,220,2190752.0
10295.0,0.0,220,2190752.0
10300.0,0.0,220,2190752.0
10305.0,0.0,220,2190752.0
10310.0,0.0,220,2190752.0
10315.0,0.0,220,2190752.0
10320.0,0.0,220,2190752.0
10325.0,0.0,220,2190752.0
10330.0,0.0,220,2190752.0
10335.0,0.0,220,2190752.0
10340.0,0.0,220,2190752.0
10345.0,0.0,220,2190752.0
10350.0,0.0,220,2190752.0
10355.0,0.0,220,2190752.0
10360.0,0.0,220,2190752.0
10365.0,0.0,220,2190752.0
10370.0,0.0,220,2190752.0
10375.0,0.0,220,2190752.0
10380.0,0.0,220,2190752.0
10385.0,0.0,220,2190752.0
10390.0,0.0,220,2190752.0
10395.0,0.0,220,2190752.0
10400.0,0.0,220,2190752.0
10405.0,0.0,220,2190752.0
10410.0,0.0,220,2190752.0
10415.0,0.0,220,2190752.0
10420.0,0.0,220,2190752.0
10425.0,0.0,220,2190752.0
10430.0,0.0,220,2190752.0
10435.0,0.0,220,2190752.0
10440.0,0.0,220,2190752.0
10445.0,0.0,220,2190752.0
10450.0,0.0,220,2190752.0
10455.0,0.0,220,2190752.0
10460.0,0.0,220,2190752.0
10465.0,0.0,220,2190752.0
10470.0,0.0,220,2190752.0
10475.0,0.0,220,2190752.0
10480.0,0.0,220,2190752.0
10485.0,0.0,220,2190752.0
10490.0,0.0,220,2190752.0
10495.0,0.0,220,2190752.0
10500.0,0.0,220,2190752.0
10505.0,0.0,220,2190752.0
10510.0,0.0,220,2190752.0
10515.0,0.0,220,2190752.0
10520.0,0.0,220,2190752.0
10525.0,0.0,220,2190752.0
10530.0,0.0,220,2190752.0
10535.0,0.0,220,2190752.0
10540.0,0.0,220,2190752.0
10545.0,0.0,220,2190752.0
10550.0,0.0,220,2190752.0
10555.0,0.0,220,2190752.0
10560.0,0.0,220,2190776.0
10565.0,0.0,220,2190844.0
10570.0,0.0,220,2190924.0
10575.0,0.0,220,2191015.0
10580.0,0.0,220,2191083.0
10585.0,0.0,220,2191139.0
10590.0,0.0,220,2191159.0
10595.0,0.0,220,2191159.0
10600.0,0.0,220,2191159.0
10605.0,0.0,220,2191159.0
10610.0,0.0,220,2191159.0
10615.0,0.0,220,2191159.0
10620.0,0.0,220,2191159.0
10625.0,0.0,220,2191159.0
10630.0,0.0,220,2191159.0
10635.0,0.0,220,2191159.0
10640.0,0.0,220,2191159.0
10645.0,0.0,220,2191159.0
10650.0,0.0,220,2191159.0
10655.0,0.0,220,2191159.0
10660.0,0.0,220,2191159.0
10665.0,0.0,220,2191159.0
10670.0,0.0,220,2191159.0
10675.0,0.0,220,2191159.0
10680.0,0.0,220,2191159.0
10685.0,0.0,220,2191159.0
10690.0,0.0,220,2191159.0
10695.0,0.0,220,2191159.0
10700.0,0.0,220,2191159.0
10705.0,0.0,220,2191159.0
10710.0,0.0,220,2191159.0
10715.0,0.0,220,2191159.0
10720.0,0.0,220,2191159.0
10725.0,0.0,220,2191159.0
10730.0,0.0,220,2191159.0
10735.0,0.0,220,2191159.0
10740.0,0.0,220,2191159.0
10745.0,0.0,220,2191159.0
10750.0,0.0,220,2191159.0
10755.0,0.0,220,2191159.0
10760.0,0.0,220,2191159.0
10765.0,0.0,220,2191159.0
10770.0,0.0,220,2191159.0
10775.0,0.0,220,2191159.0
10780.0,0.0,220,2191159.0
10785.0,0.0,220,2191159.0
10790.0,0.0,220,2191159.0
10795.0,0.0,220,2191159.0
10800.0,0.0,220,2191159.0
10805.0,0.0,220,2191159.0
10810.0,0.0,220,2191159.0
10815.0,0.0,220,2191159.0
10820.0,0.0,220,2191159.0
10825.0,0.0,220,2191159.0
10830.0,0.0,220,2191159.0
10835.0,0.0,220,2191159.0
10840.0,0.0,220,2191159.0
10845.0,0.0,220,2191159.0
10850.0,0.0,220,2191159.0
10855.0,0.0,220,2191159.0
10860.0,0.0,220,2191159.0
10865.0,0.0,220,2191159.0
10870.0,0.0,220,2191159.0
10875.0,0.0,220,2191159.0
10880.0,0.0,220,2191159.0
10885.0,0.0,220,2191159.0
10890.0,0.0,220,2191159.0
10895.0,0.0,220,2191159.0
10900.0,0.0,220,2191159.0
10905.0,0.0,220,2191159.0
10910.0,0.0,220,2191159.0
10915.0,0.0,220,2191159.0
10920.0,0.0,220,2191159.0
10925.0,0.0,220,2191159.0
10930.0,0.0,220,2191159.0
10935.0,0.0,220,2191159.0
10940.0,0.0,220,2191159.0
10945.0,0.0,220,2191159.0
10950.0,0.0,220,2191159.0
10955.0,0.0,220,2191159.0
10960.0,0.0,220,2191159.0
10965.0,0.0,220,2191159.0
10970.0,0.0,220,2191159.0
10975.0,0.0,220,2191159.0
10980.0,0.0,220,2191159.0
10985.0,0.0,220,2191159.0
10990.0,0.0,220,2191159.0
10995.0,0.0,220,2191159.0
11000.0,0.0,220,2191159.0
11005.0,0.0,220,2191159.0
11010.0,0.0,220,2191159.0
11015.0,0.0,220,2191159.0
11020.0,0.0,220,2191159.0
11025.0,0.0,220,2191159.0
11030.0,0.0,220,2191159.0
11035.0,0.0,220,2191159.0
11040.0,0.0,220,2191159.0
11045.0,0.0,220,2191159.0
11050.0,0.0,220,2191159.0
11055.0,0.0,220,2191159.0
11060.0,0.0,220,2191159.0
11065.0,0.0,220,2191159.0
11070.0,0.0,220,2191159.0
11075.0,0.0,220,2191159.0
11080.0,0.0,220,2191159.0
11085.0,0.0,220,2191159.0
11090.0,0.0,220,2191159.0
11095.0,0.0,220,2191159.0
11100.0,0.0,220,2191159.0
11105.0,0.0,220,2191159.0
11110.0,0.0,220,2191159.0
11115.0,0.0,220,2191159.0
11120.0,0.0,220,2191159.0
11125.0,0.0,220,2191159.0
11130.0,0.0,220,2191159.0
11135.0,0.0,220,2191159.0
11140.0,0.0,220,2191159.0
11145.0,0.0,220,2191159.0
11150.0,0.0,220,2191159.0
11155.0,0.0,220,2191159.0
11160.0,0.0,220,2191159.0
11165.0,0.0,220,2191159.0
11170.0,0.0,220,2191159.0
11175.0,0.0,220,2191159.0
11180.0,0.0,220,2191159.0
11185.0,0.0,220,2191159.0
11190.0,0.0,220,2191159.0
11195.0,0.0,220,2191159.0
11200.0,0.0,220,2191159.0
11205.0,0.0,220,2191159.0
11210.0,0.0,220,2191159.0
11215.0,0.0,220,2191159.0
11220.0,0.0,220,2191159.0
11225.0,0.0,220,2191159.0
11230.0,0.0,220,2191159.0
11235.0,0.0,220,2191159.0
11240.0,0.0,220,2191159.0
11245.0,0.0,220,2191159.0
11250.0,0.0,220,2191159.0
11255.0,0.0,220,2191159.0
11260.0,0.0,220,2191159.0
11265.0,0.0,220,2191159.0
11270.0,0.0,220,2191159.0
11275.0,0.0,220,2191159.0
11280.0,0.0,220,2191159.0
11285.0,0.0,220,2191159.0
11290.0,0.0,220,2191159.0
11295.0,0.0,220,2191159.0
11300.0,0.0,220,2191159.0
11305.0,0.0,220,2191159.0
11310.0,0.0,220,2191159.0
11315.0,0.0,220,2191159.0
11320.0,0.0,220,2191159.0
11325.0,0.0,220,2191159.0
11330.0,0.0,220,2191159.0
11335.0,0.0,220,2191159.0
11340.0,0.0,220,2191159.0
11345.0,0.0,220,2191159.0
11350.0,0.0,220,2191159.0
11355.0,0.0,220,2191159.0
11360.0,0.0,220,2191159.0
11365.0,0.0,220,2191159.0
11370.0,0.0,220,2191159.0
11375.0,0.0,220,2191159.0
11380.0,0.0,220,2191159.0
11385.0,0.0,220,2191159.0
11390.0,0.0,220,2191159.0
11395.0,0.0,220,2191159.0
11400.0,0.0,220,2191159.0
11405.0,0.0,220,2191159.0
11410.0,0.0,220,2191159.0
11415.0,0.0,220,2191159.0
11420.0,0.0,220,2191159.0
11425.0,0.0,220,2191159.0
11430.0,0.0,220,2191159.0
11435.0,0.0,220,2191159.0
11440.0,0.0,220,2191159.0
11445.0,0.0,220,2191159.0
11450.0,0.0,220,2191159.0
11455.0,0.0,220,2191159.0
11460.0,0.0,220,2191159.0
11465.0,0.0,220,2191159.0
11470.0,0.0,220,2191159.0
11475.0,0.0,220,2191159.0
11480.0,0.0,220,2191159.0
11485.0,0.0,220,2191159.0
11490.0,0.0,220,2191159.0
11495.0,0.0,220,2191159.0
11500.0,0.0,220,2191159.0
11505.0,0.0,220,2191159.0
11510.0,0.0,220,2191159.0
11515.0,0.0,220,2191159.0
11520.0,0.0,220,2191159.0
11525.0,0.0,220,2191159.0
11530.0,0.0,220,2191159.0
11535.0,0.0,220,2191159.0
11540.0,0.0,220,2191159.0
11545.0,0.0,220,2191159.0
11550.0,0.0,220,2191159.0
11555.0,0.0,220,2191159.0
11560.0,0.0,220,2191159.0
11565.0,0.0,220,2191159.0
11570.0,0.0,220,2191159.0
11575.0,0.0,220,2191159.0
11580.0,0.0,220,2191159.0
11585.0,0.0,220,2191159.0
11590.0,0.0,220,2191159.0
11595.0,0.0,220,2191159.0
11600.0,0.0,220,2191159.0
11605.0,0.0,220,2191159.0
11610.0,0.0,220,2191159.0
11615.0,0.0,220,2191159.0
11620.0,0.0,220,2191159.0
11625.0,0.0,220,2191159.0
11630.0,0.0,220,2191159.0
11635.0,0.0,220,2191159.0
11640.0,0.0,220,2191159.0
11645.0,0.0,220,2191159.0
11650.0,0.0,220,2191159.0
11655.0,0.0,220,2191159.0
11660.0,0.0,220,2191159.0
11665.0,0.0,220,2191159.0
11670.0,0.0,220,2191159.0
11675.0,0.0,220,2191159.0
11680.0,0.0,220,2191159.0
11685.0,0.0,220,2191159.0
11690.0,0.0,220,2191159.0
11695.0,0.0,220,2191159.0
11700.0,0.0,220,2191159.0
11705.0,0.0,220,2191159.0
11710.0,0.0,220,2191159.0
11715.0,0.0,220,2191159.0
11720.0,0.0,220,2191159.0
11725.0,0.0,220,2191159.0
11730.0,0.0,220,2191159.0
11735.0,0.0,220,2191159.0
11740.0,0.0,220,2191159.0
11745.0,0.0,220,2191159.0
11750.0,0.0,220,2191159.0
11755.0,0.0,220,2191159.0
11760.0,0.0,220,2191159.0
11765.0,0.0,220,2191159.0
11770.0,0.0,220,2191159.0
11775.0,0.0,220,2191159.0
11780.0,0.0,220,2191159.0
11785.0,0.0,220,2191159.0
11790.0,0.0,220,2191159.0
11795.0,0.0,220,2191159.0
11800.0,0.0,220,2191159.0
11805.0,0.0,220,2191159.0
11810.0,0.0,220,2191159.0
11815.0,0.0,220,2191159.0
11820.0,0.0,220,2191159.0
11825.0,0.0,220,2191159.0
11830.0,0.0,220,2191159.0
11835.0,0.0,220,2191159.0
11840.0,0.0,220,2191159.0
11845.0,0.0,220,2191159.0
11850.0,0.0,220,2191159.0
11855.0,0.0,220,2191159.0
11860.0,0.0,220,2191159.0
11865.0,0.0,220,2191159.0
11870.0,0.0,220,2191159.0
11875.0,0.0,220,2191159.0
11880.0,0.0,220,2191159.0
11885.0,0.0,220,2191159.0
11890.0,0.0,220,2191159.0
11895.0,0.0,220,2191159.0
11900.0,0.0,220,2191159.0
11905.0,0.0,220,2191159.0
11910.0,0.0,220,2191159.0
11915.0,0.0,220,2191159.0
11920.0,0.0,220,2191159.0
11925.0,0.0,220,2191159.0
11930.0,0.0,220,2191159.0
11935.0,0.0,220,2191159.0
11940.0,0.0,220,2191159.0
11945.0,0.0,220,2191159.0
11950.0,0.0,220,2191159.0
11955.0,0.0,220,2191159.0
11960.0,0.0,220,2191159.0
11965.0,0.0,220,2191159.0
11970.0,0.0,220,2191159.0
11975.0,0.0,220,2191159.0
11980.0,0.0,220,2191159.0
11985.0,0.0,220,2191159.0
11990.0,0.0,220,2191159.0
11995.0,0.0,220,2191159.0
12000.0,0.0,220,2191159.0
12005.0,0.0,220,2191159.0
12010.0,0.0,220,2191159.0
12015.0,0.0,220,2191159.0
12020.0,0.0,220,2191159.0
12025.0,0.0,220,2191159.0
12030.0,0.0,220,2191159.0
12035.0,0.0,220,2191159.0
12040.0,0.0,220,2191159.0
12045.0,0.0,220,2191159.0
12050.0,0.0,220,2191159.0
12055.0,0.0,220,2191159.0
12060.0,0.0,220,2191159.0
12065.0,0.0,220,2191159.0
12070.0,0.0,220,2191159.0
12075.0,0.0,220,2191159.0
12080.0,0.0,220,2191159.0
12085.0,0.0,220,2191159.0
12090.0,0.0,220,2191159.0
12095.0,0.0,220,2191159.0
12100.0,0.0,220,2191159.0
12105.0,0.0,220,2191159.0
12110.0,0.0,220,2191159.0
12115.0,0.0,220,2191159.0
12120.0,0.0,220,2191159.0
12125.0,0.0,220,2191159.0
12130.0,0.0,220,2191159.0
12135.0,0.0,220,2191159.0
12140.0,0.0,220,2191159.0
12145.0,0.0,220,2191159.0
12150.0,0.0,220,2191159.0
12155.0,0.0,220,2191159.0
12160.0,0.0,220,2191159.0
12165.0,0.0,220,2191159.0
12170.0,0.0,220,2191159.0
12175.0,0.0,220,2191159.0
12180.0,0.0,220,2191159.0
12185.0,0.0,220,2191159.0
12190.0,0.0,220,2191159.0
12195.0,0.0,220,2191159.0
12200.0,0.0,220,2191159.0
12205.0,0.0,220,2191159.0
12210.0,0.0,220,2191159.0
12215.0,0.0,220,2191159.0
12220.0,0.0,220,2191159.0
12225.0,0.0,220,2191159.0
12230.0,0.0,220,2191159.0
12235.0,0.0,220,2191159.0
12240.0,0.0,220,2191159.0
12245.0,0.0,220,2191159.0
12250.0,0.0,220,2191159.0
12255.0,0.0,220,2191159.0
12260.0,0.0,220,2191159.0
12265.0,0.0,220,2191159.0
12270.0,0.0,220,2191159.0
12275.0,0.0,220,2191159.0
12280.0,0.0,220,2191159.0
12285.0,0.0,220,2191159.0
12290.0,0.0,220,2191159.0
12295.0,0.0,220,2191159.0
12300.0,0.0,220,2191159.0
12305.0,0.0,220,2191159.0
12310.0,0.0,220,2191159.0
12315.0,0.0,220,2191159.0
12320.0,0.0,220,2191159.0
12325.0,0.0,220,2191159.0
12330.0,0.0,220,2191159.0
12335.0,0.0,220,2191159.0
12340.0,0.0,220,2191159.0
12345.0,0.0,220,2191159.0
12350.0,0.0,220,2191159.0
12355.0,0.0,220,2191159.0
12360.0,0.0,220,2191159.0
12365.0,0.0,220,2191159.0
12370.0,0.0,220,2191159.0
12375.0,0.0,220,2191159.0
12380.0,0.0,220,2191159.0
12385.0,0.0,220,2191159.0
12390.0,0.0,220,2191159.0
12395.0,0.0,220,2191159.0
12400.0,0.0,220,2191159.0
12405.0,0.0,220,2191159.0
12410.0,0.0,220,2191159.0
12415.0,0.0,220,2191159.0
12420.0,0.0,220,2191159.0
12425.0,0.0,220,2191159.0
12430.0,0.0,220,2191159.0
12435.0,0.0,220,2191159.0
12440.0,0.0,220,2191159.0
12445.0,0.0,220,2191159.0
12450.0,0.0,220,2191159.0
12455.0,0.0,220,2191159.0
12460.0,0.0,220,2191159.0
12465.0,0.0,220,2191159.0
12470.0,0.0,220,2191159.0
12475.0,0.0,220,2191159.0
12480.0,0.0,220,2191159.0
12485.0,0.0,220,2191159.0
12490.0,0.0,220,2191159.0
12495.0,0.0,220,2191159.0
12500.0,0.0,220,2191159.0
12505.0,0.0,220,2191159.0
12510.0,0.0,220,2191159.0
12515.0,0.0,220,2191159.0
12520.0,0.0,220,2191159.0
12525.0,0.0,220,2191159.0
12530.0,0.0,220,2191159.0
12535.0,0.0,220,2191159.0
12540.0,0.0,220,2191159.0
12545.0,0.0,220,2191159.0
12550.0,0.0,220,2191159.0
12555.0,0.0,220,2191159.0
12560.0,0.0,220,2191159.0
12565.0,0.0,220,2191159.0
12570.0,0.0,220,2191159.0
12575.0,0.0,220,2191159.0
12580.0,0.0,220,2191159.0
12585.0,0.0,220,2191159.0
12590.0,0.0,220,2191159.0
12595.0,0.0,220,2191159.0
12600.0,0.0,220,2191159.0
12605.0,0.0,220,2191159.0
12610.0,0.0,220,2191159.0
12615.0,0.0,220,2191159.0
12620.0,0.0,220,2191159.0
12625.0,0.0,220,2191159.0
12630.0,0.0,220,2191159.0
12635.0,0.0,220,2191159.0
12640.0,0.0,220,2191159.0
12645.0,0.0,220,2191159.0
12650.0,0.0,220,2191159.0
12655.0,0.0,220,2191159.0
12660.0,0.0,220,2191159.0
12665.0,0.0,220,2191159.0
12670.0,0.0,220,2191159.0
12675.0,0.0,220,2191159.0
12680.0,0.0,220,2191159.0
12685.0,0.0,220,2191159.0
12690.0,0.0,220,2191159.0
12695.0,0.0,220,2191159.0
12700.0,0.0,220,2191159.0
12705.0,0.0,220,2191159.0
12710.0,0.0,220,2191159.0
12715.0,0.0,220,2191159.0
12720.0,0.0,220,2191159.0
12725.0,0.0,220,2191159.0
12730.0,0.0,220,2191159.0
12735.0,0.0,220,2191159.0
12740.0,0.0,220,2191159.0
12745.0,0.0,220,2191159.0
12750.0,0.0,220,2191159.0
12755.0,0.0,220,2191159.0
12760.0,0.0,220,2191159.0
12765.0,0.0,220,2191159.0
12770.0,0.0,220,2191159.0
12775.0,0.0,220,2191159.0
12780.0,0.0,220,2191159.0
12785.0,0.0,220,2191159.0
12790.0,0.0,220,2191159.0
12795.0,0.0,220,2191159.0
12800.0,0.0,220,2191159.0
12805.0,0.0,220,2191159.0
12810.0,0.0,220,2191159.0
12815.0,0.0,220,2191159.0
12820.0,0.0,220,2191159.0
12825.0,0.0,220,2191159.0
12830.0,0.0,220,2191159.0
12835.0,0.0,220,2191159.0
12840.0,0.0,220,2191159.0
12845.0,0.0,220,2191159.0
12850.0,0.0,220,2191159.0
12855.0,0.0,220,2191159.0
12860.0,0.0,220,2191159.0
12865.0,0.0,220,2191159.0
12870.0,0.0,220,2191159.0
12875.0,0.0,220,2191159.0
12880.0,0.0,220,2191159.0
12885.0,0.0,220,2191159.0
12890.0,0.0,220,2191159.0
12895.0,0.0,220,2191159.0
12900.0,0.0,220,2191159.0
12905.0,0.0,220,2191159.0
12910.0,0.0,220,2191159.0
12915.0,0.0,220,2191159.0
12920.0,0.0,220,2191159.0
12925.0,0.0,220,2191159.0
12930.0,0.0,220,2191159.0
12935.0,0.0,220,2191159.0
12940.0,0.0,220,2191159.0
12945.0,0.0,220,2191159.0
12950.0,0.0,220,2191159.0
12955.0,0.0,220,2191159.0
12960.0,0.0,220,2191159.0
12965.0,0.0,220,2191159.0
12970.0,0.0,220,2191159.0
12975.0,0.0,220,2191159.0
12980.0,0.0,220,2191159.0
12985.0,0.0,220,2191159.0
12990.0,0.0,220,2191159.0
12995.0,0.0,220,2191159.0
13000.0,0.0,220,2191159.0
13005.0,0.0,220,2191159.0
13010.0,0.0,220,2191159.0
13015.0,0.0,220,2191159.0
13020.0,0.0,220,2191159.0
13025.0,0.0,220,2191159.0
13030.0,0.0,220,2191159.0
13035.0,0.0,220,2191159.0
13040.0,0.0,220,2191159.0
13045.0,0.0,220,2191159.0
13050.0,0.0,220,2191159.0
13055.0,0.0,220,2191159.0
13060.0,0.0,220,2191159.0
13065.0,0.0,220,2191159.0
13070.0,0.0,220,2191159.0
13075.0,0.0,220,2191159.0
13080.0,0.0,220,2191159.0
13085.0,0.0,220,2191159.0
13090.0,0.0,220,2191159.0
13095.0,0.0,220,2191159.0
13100.0,0.0,220,2191159.0
13105.0,0.0,220,2191159.0
13110.0,0.0,220,2191159.0
13115.0,0.0,220,2191159.0
13120.0,0.0,220,2191159.0
13125.0,0.0,220,2191159.0
13130.0,0.0,220,2191159.0
13135.0,0.0,220,2191159.0
13140.0,0.0,220,2191159.0
13145.0,0.0,220,2191159.0
13150.0,0.0,220,2191159.0
13155.0,0.0,220,2191159.0
13160.0,0.0,220,2191159.0
13165.0,0.0,220,2191159.0
13170.0,0.0,220,2191159.0
13175.0,0.0,220,2191159.0
13180.0,0.0,220,2191159.0
13185.0,0.0,220,2191159.0
13190.0,0.0,220,2191159.0
13195.0,0.0,220,2191159.0
13200.0,0.0,220,2191159.0
13205.0,0.0,220,2191159.0
13210.0,0.0,220,2191159.0
13215.0,0.0,220,2191159.0
13220.0,0.0,220,2191159.0
13225.0,0.0,220,2191159.0
13230.0,0.0,220,2191159.0
13235.0,0.0,220,2191159.0
13240.0,0.0,220,2191159.0
13245.0,0.0,220,2191159.0
13250.0,0.0,220,2191159.0
13255.0,0.0,220,2191159.0
13260.0,0.0,220,2191159.0
13265.0,0.0,220,2191159.0
13270.0,0.0,220,2191159.0
13275.0,0.0,220,2191159.0
13280.0,0.0,220,2191159.0
13285.0,0.0,220,2191159.0
13290.0,0.0,220,2191159.0
13295.0,0.0,220,2191159.0
13300.0,0.0,220,2191159.0
13305.0,0.0,220,2191159.0
13310.0,0.0,220,2191159.0
13315.0,0.0,220,2191159.0
13320.0,0.0,220,2191159.0
13325.0,0.0,220,2191159.0
13330.0,0.0,220,2191159.0
13335.0,0.0,220,2191159.0
13340.0,0.0,220,2191159.0
13345.0,0.0,220,2191159.0
13350.0,0.0,220,2191159.0
13355.0,0.0,220,2191159.0
13360.0,0.0,220,2191159.0
13365.0,0.0,220,2191159.0
13370.0,0.0,220,2191159.0
13375.0,0.0,220,2191159.0
13380.0,0.0,220,2191159.0
13385.0,0.0,220,2191159.0
13390.0,0.0,220,2191159.0
13395.0,0.0,220,2191159.0
13400.0,0.0,220,2191159.0
13405.0,0.0,220,2191159.0
13410.0,0.0,220,2191159.0
13415.0,0.0,220,2191159.0
13420.0,0.0,220,2191159.0
13425.0,0.0,220,2191159.0
13430.0,0.0,220,2191159.0
13435.0,0.0,220,2191159.0
13440.0,0.0,220,2191159.0
13445.0,0.0,220,2191159.0
13450.0,0.0,220,2191159.0
13455.0,0.0,220,2191159.0
13460.0,0.0,220,2191159.0
13465.0,0.0,220,2191159.0
13470.0,0.0,220,2191159.0
13475.0,0.0,220,2191159.0
13480.0,0.0,220,2191159.0
13485.0,0.0,220,2191159.0
13490.0,0.0,220,2191159.0
13495.0,0.0,220,2191159.0
13500.0,0.0,220,2191159.0
13505.0,0.0,220,2191159.0
13510.0,0.0,220,2191159.0
13515.0,0.0,220,2191159.0
13520.0,0.0,220,2191159.0
13525.0,0.0,220,2191159.0
13530.0,0.0,220,2191159.0
13535.0,0.0,220,2191159.0
13540.0,0.0,220,2191159.0
13545.0,0.0,220,2191159.0
13550.0,0.0,220,2191159.0
13555.0,0.0,220,2191159.0
13560.0,0.0,220,2191159.0
13565.0,0.0,220,2191159.0
13570.0,0.0,220,2191159.0
13575.0,0.0,220,2191159.0
13580.0,0.0,220,2191159.0
13585.0,0.0,220,2191159.0
13590.0,0.0,220,2191159.0
13595.0,0.0,220,2191159.0
13600.0,0.0,220,2191159.0
13605.0,0.0,220,2191159.0
13610.0,0.0,220,2191159.0
13615.0,0.0,220,2191159.0
13620.0,0.0,220,2191159.0
13625.0,0.0,220,2191159.0
13630.0,0.0,220,2191159.0
13635.0,0.0,220,2191159.0
13640.0,0.0,220,2191159.0
13645.0,0.0,220,2191159.0
13650.0,0.0,220,2191159.0
13655.0,0.0,220,2191159.0
13660.0,0.0,220,2191159.0
13665.0,0.0,220,2191159.0
13670.0,0.0,220,2191159.0
13675.0,0.0,220,2191159.0
13680.0,0.0,220,2191159.0
13685.0,0.0,220,2191159.0
13690.0,0.0,220,2191159.0
13695.0,0.0,220,2191159.0
13700.0,0.0,220,2191159.0
13705.0,0.0,220,2191159.0
13710.0,0.0,220,2191159.0
13715.0,0.0,220,2191159.0
13720.0,0.0,220,2191159.0
13725.0,0.0,220,2191159.0
13730.0,0.0,220,2191159.0
13735.0,0.0,220,2191159.0
13740.0,0.0,220,2191159.0
13745.0,0.0,220,2191159.0
13750.0,0.0,220,2191159.0
13755.0,0.0,220,2191159.0
13760.0,0.0,220,2191159.0
13765.0,0.0,220,2191159.0
13770.0,0.0,220,2191159.0
13775.0,0.0,220,2191159.0
13780.0,0.0,220,2191159.0
13785.0,0.0,220,2191159.0
13790.0,0.0,220,2191159.0
13795.0,0.0,220,2191159.0
13800.0,0.0,220,2191159.0
13805.0,0.0,220,2191159.0
13810.0,0.0,220,2191159.0
13815.0,0.0,220,2191159.0
13820.0,0.0,220,2191159.0
13825.0,0.0,220,2191159.0
13830.0,0.0,220,2191159.0
13835.0,0.0,220,2191159.0
13840.0,0.0,220,2191159.0
13845.0,0.0,220,2191159.0
13850.0,0.0,220,2191159.0
13855.0,0.0,220,2191159.0
13860.0,0.0,220,2191159.0
13865.0,0.0,220,2191159.0
13870.0,0.0,220,2191159.0
13875.0,0.0,220,2191159.0
13880.0,0.0,220,2191159.0
13885.0,0.0,220,2191159.0
13890.0,0.0,220,2191159.0
13895.0,0.0,220,2191159.0
13900.0,0.0,220,2191159.0
13905.0,0.0,220,2191159.0
13910.0,0.0,220,2191159.0
13915.0,0.0,220,2191159.0
13920.0,0.0,220,2191159.0
13925.0,0.0,220,2191159.0
13930.0,0.0,220,2191159.0
13935.0,0.0,220,2191159.0
13940.0,0.0,220,2191159.0
13945.0,0.0,220,2191159.0
13950.0,0.0,220,2191159.0
13955.0,0.0,220,2191159.0
13960.0,0.0,220,2191159.0
13965.0,0.0,220,2191159.0
13970.0,0.0,220,2191159.0
13975.0,0.0,220,2191159.0
13980.0,0.0,220,2191159.0
13985.0,0.0,220,2191159.0
13990.0,0.0,220,2191159.0
13995.0,0.0,220,2191159.0
14000.0,0.0,220,2191159.0
14005.0,0.0,220,2191159.0
14010.0,0.0,220,2191159.0
14015.0,0.0,220,2191159.0
14020.0,0.0,220,2191159.0
14025.0,0.0,220,2191159.0
14030.0,0.0,220,2191159.0
14035.0,0.0,220,2191159.0
14040.0,0.0,220,2191159.0
14045.0,0.0,220,2191159.0
14050.0,0.0,220,2191159.0
14055.0,0.0,220,2191159.0
14060.0,0.0,220,2191159.0
14065.0,0.0,220,2191159.0
14070.0,0.0,220,2191159.0
14075.0,0.0,220,2191159.0
14080.0,0.0,220,2191159.0
14085.0,0.0,220,2191159.0
14090.0,0.0,220,2191159.0
14095.0,0.0,220,2191159.0
14100.0,0.0,220,2191159.0
14105.0,0.0,220,2191159.0
14110.0,0.0,220,2191159.0
14115.0,0.0,220,2191159.0
14120.0,0.0,220,2191159.0
14125.0,0.0,220,2191159.0
14130.0,0.0,220,2191159.0
14135.0,0.0,220,2191159.0
14140.0,0.0,220,2191159.0
14145.0,0.0,220,2191159.0
14150.0,0.0,220,2191159.0
14155.0,0.0,220,2191159.0
14160.0,0.0,220,2191159.0
14165.0,0.0,220,2191159.0
14170.0,0.0,220,2191159.0
14175.0,0.0,220,2191159.0
14180.0,0.0,220,2191159.0
14185.0,0.0,220,2191159.0
14190.0,0.0,220,2191159.0
14195.0,0.0,220,2191159.0
14200.0,0.0,220,2191159.0
14205.0,0.0,220,2191159.0
14210.0,0.0,220,2191159.0
14215.0,0.0,220,2191159.0
14220.0,0.0,220,2191159.0
14225.0,0.0,220,2191159.0
14230.0,0.0,220,2191159.0
14235.0,0.0,220,2191159.0
14240.0,0.0,220,2191159.0
14245.0,0.0,220,2191159.0
14250.0,0.0,220,2191159.0
14255.0,0.0,220,2191159.0
14260.0,0.0,220,2191159.0
14265.0,0.0,220,2191159.0
14270.0,0.0,220,2191159.0
14275.0,0.0,220,2191159.0
14280.0,0.0,220,2191159.0
14285.0,0.0,220,2191159.0
14290.0,0.0,220,2191159.0
14295.0,0.0,220,2191159.0
14300.0,0.0,220,2191159.0
14305.0,0.0,220,2191159.0
14310.0,0.0,220,2191159.0
14315.0,0.0,220,2191159.0
14320.0,0.0,220,2191159.0
14325.0,0.0,220,2191159.0
14330.0,0.0,220,2191159.0
14335.0,0.0,220,2191159.0
14340.0,0.0,220,2191159.0
14345.0,0.0,220,2191159.0
14350.0,0.0,220,2191159.0
14355.0,0.0,220,2191159.0
14360.0,0.0,220,2191159.0
14365.0,0.0,220,2191159.0
14370.0,0.0,220,2191159.0
14375.0,0.0,220,2191159.0
14380.0,0.0,220,2191159.0
14385.0,0.0,220,2191159.0
14390.0,0.0,220,2191159.0
14395.0,0.0,220,2191159.0
14400.0,0.0,220,2191159.0
14405.0,0.0,220,2191159.0
14410.0,0.0,220,2191159.0
14415.0,0.0,220,2191159.0
14420.0,0.0,220,2191159.0
14425.0,0.0,220,2191159.0
14430.0,0.0,220,2191159.0
14435.0,0.0,220,2191159.0
14440.0,0.0,220,2191159.0
14445.0,0.0,220,2191159.0
14450.0,0.0,220,2191159.0
14455.0,0.0,220,2191159.0
14460.0,0.0,220,2191159.0
14465.0,0.0,220,2191159.0
14470.0,0.0,220,2191159.0
14475.0,0.0,220,2191159.0
14480.0,0.0,220,2191159.0
14485.0,0.0,220,2191159.0
14490.0,0.0,220,2191159.0
14495.0,0.0,220,2191159.0
14500.0,0.0,220,2191159.0
14505.0,0.0,220,2191159.0
14510.0,0.0,220,2191159.0
14515.0,0.0,220,2191159.0
14520.0,0.0,220,2191159.0
14525.0,0.0,220,2191159.0
14530.0,0.0,220,2191159.0
14535.0,0.0,220,2191159.0
14540.0,0.0,220,2191159.0
14545.0,0.0,220,2191159.0
14550.0,0.0,220,2191159.0
14555.0,0.0,220,2191159.0
14560.0,0.0,220,2191159.0
14565.0,0.0,220,2191159.0
14570.0,0.0,220,2191159.0
14575.0,0.0,220,2191159.0
14580.0,0.0,220,2191159.0
14585.0,0.0,220,2191159.0
14590.0,0.0,220,2191159.0
14595.0,0.0,220,2191159.0
14600.0,0.0,220,2191159.0
14605.0,0.0,220,2191159.0
14610.0,0.0,220,2191159.0
14615.0,0.0,220,2191159.0
14620.0,0.0,220,2191159.0
14625.0,0.0,220,2191159.0
14630.0,0.0,220,2191159.0
14635.0,0.0,220,2191159.0
14640.0,0.0,220,2191159.0
14645.0,0.0,220,2191159.0
14650.0,0.0,220,2191159.0
14655.0,0.0,220,2191159.0
14660.0,0.0,220,2191159.0
14665.0,0.0,220,2191159.0
14670.0,0.0,220,2191159.0
14675.0,0.0,220,2191159.0
14680.0,0.0,220,2191159.0
14685.0,0.0,220,2191159.0
14690.0,0.0,220,2191159.0
14695.0,0.0,220,2191159.0
14700.0,0.0,220,2191159.0
14705.0,0.0,220,2191159.0
14710.0,0.0,220,2191159.0
14715.0,0.0,220,2191159.0
14720.0,0.0,220,2191159.0
14725.0,0.0,220,2191159.0
14730.0,0.0,220,2191159.0
14735.0,0.0,220,2191159.0
14740.0,0.0,220,2191159.0
14745.0,0.0,220,2191159.0
14750.0,0.0,220,2191159.0
14755.0,0.0,220,2191159.0
14760.0,0.0,220,2191159.0
14765.0,0.0,220,2191159.0
14770.0,0.0,220,2191159.0
14775.0,0.0,220,2191159.0
14780.0,0.0,220,2191159.0
14785.0,0.0,220,2191159.0
14790.0,0.0,220,2191159.0
14795.0,0.0,220,2191159.0
14800.0,0.0,220,2191159.0
14805.0,0.0,220,2191159.0
14810.0,0.0,220,2191159.0
14815.0,0.0,220,2191159.0
14820.0,0.0,220,2191159.0
14825.0,0.0,220,2191159.0
14830.0,0.0,220,2191159.0
14835.0,0.0,220,2191159.0
14840.0,0.0,220,2191159.0
14845.0,0.0,220,2191159.0
14850.0,0.0,220,2191159.0
14855.0,0.0,220,2191159.0
14860.0,0.0,220,2191159.0
14865.0,0.0,220,2191159.0
14870.0,0.0,220,2191159.0
14875.0,0.0,220,2191159.0
14880.0,0.0,220,2191159.0
14885.0,0.0,220,2191159.0
14890.0,0.0,220,2191159.0
14895.0,0.0,220,2191159.0
14900.0,0.0,220,2191159.0
14905.0,0.0,220,2191159.0
14910.0,0.0,220,2191159.0
14915.0,0.0,220,2191159.0
14920.0,0.0,220,2191159.0
14925.0,0.0,220,2191159.0
14930.0,0.0,220,2191159.0
14935.0,0.0,220,2191159.0
14940.0,0.0,220,2191159.0
14945.0,0.0,220,2191159.0
14950.0,0.0,220,2191159.0
14955.0,0.0,220,2191159.0
14960.0,0.0,220,2191159.0
14965.0,0.0,220,2191159.0
14970.0,0.0,220,2191159.0
14975.0,0.0,220,2191159.0
14980.0,0.0,220,2191159.0
14985.0,0.0,220,2191159.0
14990.0,0.0,220,2191159.0
14995.0,0.0,220,2191159.0
15000.0,0.0,220,2191159.0
15005.0,0.0,220,2191159.0
15010.0,0.0,220,2191159.0
15015.0,0.0,220,2191159.0
15020.0,0.0,220,2191159.0
15025.0,0.0,220,2191159.0
15030.0,0.0,220,2191159.0
15035.0,0.0,220,2191159.0
15040.0,0.0,220,2191159.0
15045.0,0.0,220,2191159.0
15050.0,0.0,220,2191159.0
15055.0,0.0,220,2191159.0
15060.0,0.0,220,2191159.0
15065.0,0.0,220,2191159.0
15070.0,0.0,220,2191159.0
15075.0,0.0,220,2191159.0
15080.0,0.0,220,2191159.0
15085.0,0.0,220,2191159.0
15090.0,0.0,220,2191159.0
15095.0,0.0,220,2191159.0
15100.0,0.0,220,2191159.0
15105.0,0.0,220,2191159.0
15110.0,0.0,220,2191159.0
15115.0,0.0,220,2191159.0
15120.0,0.0,220,2191159.0
15125.0,0.0,220,2191159.0
15130.0,0.0,220,2191159.0
15135.0,0.0,220,2191159.0
15140.0,0.0,220,2191159.0
15145.0,0.0,220,2191159.0
15150.0,0.0,220,2191159.0
15155.0,0.0,220,2191159.0
15160.0,0.0,220,2191159.0
15165.0,0.0,220,2191159.0
15170.0,0.0,220,2191159.0
15175.0,0.0,220,2191159.0
15180.0,0.0,220,2191159.0
15185.0,0.0,220,2191159.0
15190.0,0.0,220,2191159.0
15195.0,0.0,220,2191159.0
15200.0,0.0,220,2191159.0
15205.0,0.0,220,2191159.0
15210.0,0.0,220,2191159.0
15215.0,0.0,220,2191159.0
15220.0,0.0,220,2191159.0
15225.0,0.0,220,2191159.0
15230.0,0.0,220,2191159.0
15235.0,0.0,220,2191159.0
15240.0,0.0,220,2191159.0
15245.0,0.0,220,2191159.0
15250.0,0.0,220,2191159.0
15255.0,0.0,220,2191159.0
15260.0,0.0,220,2191159.0
15265.0,0.0,220,2191159.0
15270.0,0.0,220,2191159.0
15275.0,0.0,220,2191159.0
15280.0,0.0,220,2191159.0
15285.0,0.0,220,2191159.0
15290.0,0.0,220,2191159.0
15295.0,0.0,220,2191159.0
15300.0,0.0,220,2191159.0
15305.0,0.0,220,2191159.0
15310.0,0.0,220,2191159.0
15315.0,0.0,220,2191159.0
15320.0,0.0,220,2191159.0
15325.0,0.0,220,2191159.0
15330.0,0.0,220,2191159.0
15335.0,0.0,220,2191159.0
15340.0,0.0,220,2191159.0
15345.0,0.0,220,2191159.0
15350.0,0.0,220,2191159.0
15355.0,0.0,220,2191159.0
15360.0,0.0,220,2191159.0
15365.0,0.0,220,2191159.0
15370.0,0.0,220,2191159.0
15375.0,0.0,220,2191159.0
15380.0,0.0,220,2191159.0
15385.0,0.0,220,2191159.0
15390.0,0.0,220,2191159.0
15395.0,0.0,220,2191159.0
15400.0,0.0,220,2191159.0
15405.0,0.0,220,2191159.0
15410.0,0.0,220,2191159.0
15415.0,0.0,220,2191159.0
15420.0,0.0,220,2191159.0
15425.0,0.0,220,2191159.0
15430.0,0.0,220,2191159.0
15435.0,0.0,220,2191159.0
15440.0,0.0,220,2191159.0
15445.0,0.0,220,2191159.0
15450.0,0.0,220,2191159.0
15455.0,0.0,220,2191159.0
15460.0,0.0,220,2191159.0
15465.0,0.0,220,2191159.0
15470.0,0.0,220,2191159.0
15475.0,0.0,220,2191159.0
15480.0,0.0,220,2191159.0
15485.0,0.0,220,2191159.0
15490.0,0.0,220,2191159.0
15495.0,0.0,220,2191159.0
15500.0,0.0,220,2191159.0
15505.0,0.0,220,2191159.0
15510.0,0.0,220,2191159.0
15515.0,0.0,220,2191159.0
15520.0,0.0,220,2191159.0
15525.0,0.0,220,2191159.0
15530.0,0.0,220,2191159.0
15535.0,0.0,220,2191159.0
15540.0,0.0,220,2191159.0
15545.0,0.0,220,2191159.0
15550.0,0.0,220,2191159.0
15555.0,0.0,220,2191159.0
15560.0,0.0,220,2191159.0
15565.0,0.0,220,2191159.0
15570.0,0.0,220,2191159.0
15575.0,0.0,220,2191159.0
15580.0,0.0,220,2191159.0
15585.0,0.0,220,2191159.0
15590.0,0.0,220,2191159.0
15595.0,0.0,220,2191159.0
15600.0,0.0,220,2191159.0
15605.0,0.0,220,2191159.0
15610.0,0.0,220,2191159.0
15615.0,0.0,220,2191159.0
15620.0,0.0,220,2191159.0
15625.0,0.0,220,2191159.0
15630.0,0.0,220,2191159.0
15635.0,0.0,220,2191159.0
15640.0,0.0,220,2191159.0
15645.0,0.0,220,2191159.0
15650.0,0.0,220,2191159.0
15655.0,0.0,220,2191159.0
15660.0,0.0,220,2191159.0
15665.0,0.0,220,2191159.0
15670.0,0.0,220,2191159.0
15675.0,0.0,220,2191159.0
15680.0,0.0,220,2191159.0
15685.0,0.0,220,2191159.0
15690.0,0.0,220,2191159.0
15695.0,0.0,220,2191159.0
15700.0,0.0,220,2191159.0
15705.0,0.0,220,2191159.0
15710.0,0.0,220,2191159.0
15715.0,0.0,220,2191159.0
15720.0,0.0,220,2191159.0
15725.0,0.0,220,2191159.0
15730.0,0.0,220,2191159.0
15735.0,0.0,220,2191159.0
15740.0,0.0,220,2191159.0
15745.0,0.0,220,2191159.0
15750.0,0.0,220,2191159.0
15755.0,0.0,220,2191159.0
15760.0,0.0,220,2191159.0
15765.0,0.0,220,2191159.0
15770.0,0.0,220,2191159.0
15775.0,0.0,220,2191159.0
15780.0,0.0,220,2191159.0
15785.0,0.0,220,2191159.0
15790.0,0.0,220,2191159.0
15795.0,0.0,220,2191159.0
15800.0,0.0,220,2191159.0
15805.0,0.0,220,2191159.0
15810.0,0.0,220,2191159.0
15815.0,0.0,220,2191159.0
15820.0,0.0,220,2191159.0
15825.0,0.0,220,2191159.0
15830.0,0.0,220,2191159.0
15835.0,0.0,220,2191159.0
15840.0,0.0,220,2191159.0
15845.0,0.0,220,2191159.0
15850.0,0.0,220,2191159.0
15855.0,0.0,220,2191159.0
15860.0,0.0,220,2191159.0
15865.0,0.0,220,2191159.0
15870.0,0.0,220,2191159.0
15875.0,0.0,220,2191159.0
15880.0,0.0,220,2191159.0
15885.0,0.0,220,2191159.0
15890.0,0.0,220,2191159.0
15895.0,0.0,220,2191159.0
15900.0,0.0,220,2191159.0
15905.0,0.0,220,2191159.0
15910.0,0.0,220,2191159.0
15915.0,0.0,220,2191159.0
15920.0,0.0,220,2191159.0
15925.0,0.0,220,2191159.0
15930.0,0.0,220,2191159.0
15935.0,0.0,220,2191159.0
15940.0,0.0,220,2191159.0
15945.0,0.0,220,2191159.0
15950.0,0.0,220,2191159.0
15955.0,0.0,220,2191159.0
15960.0,0.0,220,2191159.0
15965.0,0.0,220,2191159.0
15970.0,0.0,220,2191159.0
15975.0,0.0,220,2191159.0
15980.0,0.0,220,2191159.0
15985.0,0.0,220,2191159.0
15990.0,0.0,220,2191159.0
15995.0,0.0,220,2191159.0
16000.0,0.0,220,2191159.0
16005.0,0.0,220,2191159.0
16010.0,0.0,220,2191159.0
16015.0,0.0,220,2191159.0
16020.0,0.0,220,2191159.0
16025.0,0.0,220,2191159.0
16030.0,0.0,220,2191159.0
16035.0,0.0,220,2191159.0
16040.0,0.0,220,2191159.0
16045.0,0.0,220,2191159.0
16050.0,0.0,220,2191159.0
16055.0,0.0,220,2191159.0
16060.0,0.0,220,2191159.0
16065.0,0.0,220,2191159.0
16070.0,0.0,220,2191159.0
16075.0,0.0,220,2191159.0
16080.0,0.0,220,2191159.0
16085.0,0.0,220,2191159.0
16090.0,0.0,220,2191159.0
16095.0,0.0,220,2191159.0
16100.0,0.0,220,2191159.0
16105.0,0.0,220,2191159.0
16110.0,0.0,220,2191159.0
16115.0,0.0,220,2191159.0
16120.0,0.0,220,2191159.0
16125.0,0.0,220,2191159.0
16130.0,0.0,220,2191159.0
16135.0,0.0,220,2191159.0
16140.0,0.0,220,2191159.0
16145.0,0.0,220,2191159.0
16150.0,0.0,220,2191159.0
16155.0,0.0,220,2191159.0
16160.0,0.0,220,2191159.0
16165.0,0.0,220,2191159.0
16170.0,0.0,220,2191159.0
16175.0,0.0,220,2191159.0
16180.0,0.0,220,2191159.0
16185.0,0.0,220,2191159.0
16190.0,0.0,220,2191159.0
16195.0,0.0,220,2191159.0
16200.0,0.0,220,2191159.0
16205.0,0.0,220,2191159.0
16210.0,0.0,220,2191159.0
16215.0,0.0,220,2191159.0
16220.0,0.0,220,2191159.0
16225.0,0.0,220,2191159.0
16230.0,0.0,220,2191159.0
16235.0,0.0,220,2191159.0
16240.0,0.0,220,2191159.0
16245.0,0.0,220,2191159.0
16250.0,0.0,220,2191159.0
16255.0,0.0,220,2191159.0
16260.0,0.0,220,2191159.0
16265.0,0.0,220,2191159.0
16270.0,0.0,220,2191159.0
16275.0,0.0,220,2191159.0
16280.0,0.0,220,2191159.0
16285.0,0.0,220,2191159.0
16290.0,0.0,220,2191159.0
16295.0,0.0,220,2191159.0
16300.0,0.0,220,2191159.0
16305.0,0.0,220,2191159.0
16310.0,0.0,220,2191159.0
16315.0,0.0,220,2191159.0
16320.0,0.0,220,2191159.0
16325.0,0.0,220,2191159.0
16330.0,0.0,220,2191159.0
16335.0,0.0,220,2191159.0
16340.0,0.0,220,2191159.0
16345.0,0.0,220,2191159.0
16350.0,0.0,220,2191159.0
16355.0,0.0,220,2191159.0
16360.0,0.0,220,2191159.0
16365.0,0.0,220,2191159.0
16370.0,0.0,220,2191159.0
16375.0,0.0,220,2191159.0
16380.0,0.0,220,2191159.0
16385.0,0.0,220,2191159.0
16390.0,0.0,220,2191159.0
16395.0,0.0,220,2191159.0
16400.0,0.0,220,2191159.0
16405.0,0.0,220,2191159.0
16410.0,0.0,220,2191159.0
16415.0,0.0,220,2191159.0
16420.0,0.0,220,2191159.0
16425.0,0.0,220,2191159.0
16430.0,0.0,220,2191159.0
16435.0,0.0,220,2191159.0
16440.0,0.0,220,2191159.0
16445.0,0.0,220,2191159.0
16450.0,0.0,220,2191159.0
16455.0,0.0,220,2191159.0
16460.0,0.0,220,2191159.0
16465.0,0.0,220,2191159.0
16470.0,0.0,220,2191159.0
16475.0,0.0,220,2191159.0
16480.0,0.0,220,2191159.0
16485.0,0.0,220,2191159.0
16490.0,0.0,220,2191159.0
16495.0,0.0,220,2191159.0
16500.0,0.0,220,2191159.0
16505.0,0.0,220,2191159.0
16510.0,0.0,220,2191159.0
16515.0,0.0,220,2191159.0
16520.0,0.0,220,2191159.0
16525.0,0.0,220,2191159.0
16530.0,0.0,220,2191159.0
16535.0,0.0,220,2191159.0
16540.0,0.0,220,2191159.0
16545.0,0.0,220,2191159.0
16550.0,0.0,220,2191159.0
16555.0,0.0,220,2191159.0
16560.0,0.0,220,2191159.0
16565.0,0.0,220,2191159.0
16570.0,0.0,220,2191159.0
16575.0,0.0,220,2191159.0
16580.0,0.0,220,2191159.0
16585.0,0.0,220,2191159.0
16590.0,0.0,220,2191159.0
16595.0,0.0,220,2191159.0
16600.0,0.0,220,2191159.0
16605.0,0.0,220,2191159.0
16610.0,0.0,220,2191159.0
16615.0,0.0,220,2191159.0
16620.0,0.0,220,2191159.0
16625.0,0.0,220,2191159.0
16630.0,0.0,220,2191159.0
16635.0,0.0,220,2191159.0
16640.0,0.0,220,2191159.0
16645.0,0.0,220,2191159.0
16650.0,0.0,220,2191159.0
16655.0,0.0,220,2191159.0
16660.0,0.0,220,2191159.0
16665.0,0.0,220,2191159.0
16670.0,0.0,220,2191159.0
16675.0,0.0,220,2191159.0
16680.0,0.0,220,2191159.0
16685.0,0.0,220,2191159.0
16690.0,0.0,220,2191159.0
16695.0,0.0,220,2191159.0
16700.0,0.0,220,2191159.0
16705.0,0.0,220,2191159.0
16710.0,0.0,220,2191159.0
16715.0,0.0,220,2191159.0
16720.0,0.0,220,2191159.0
16725.0,0.0,220,2191159.0
16730.0,0.0,220,2191159.0
16735.0,0.0,220,2191159.0
16740.0,0.0,220,2191159.0
16745.0,0.0,220,2191159.0
16750.0,0.0,220,2191159.0
16755.0,0.0,220,2191159.0
16760.0,0.0,220,2191159.0
16765.0,0.0,220,2191159.0
16770.0,0.0,220,2191159.0
16775.0,0.0,220,2191159.0
16780.0,0.0,220,2191159.0
16785.0,0.0,220,2191159.0
16790.0,0.0,220,2191159.0
16795.0,0.0,220,2191159.0
16800.0,0.0,220,2191159.0
16805.0,0.0,220,2191159.0
16810.0,0.0,220,2191159.0
16815.0,0.0,220,2191159.0
16820.0,0.0,220,2191159.0
16825.0,0.0,220,2191159.0
16830.0,0.0,220,2191159.0
16835.0,0.0,220,2191159.0
16840.0,0.0,220,2191159.0
16845.0,0.0,220,2191159.0
16850.0,0.0,220,2191159.0
16855.0,0.0,220,2191159.0
16860.0,0.0,220,2191159.0
16865.0,0.0,220,2191159.0
16870.0,0.0,220,2191159.0
16875.0,0.0,220,2191159.0
16880.0,0.0,220,2191159.0
16885.0,0.0,220,2191159.0
16890.0,0.0,220,2191159.0
16895.0,0.0,220,2191159.0
16900.0,0.0,220,2191159.0
16905.0,0.0,220,2191159.0
16910.0,0.0,220,2191159.0
16915.0,0.0,220,2191159.0
16920.0,0.0,220,2191159.0
16925.0,0.0,220,2191159.0
16930.0,0.0,220,2191159.0
16935.0,0.0,220,2191159.0
16940.0,0.0,220,2191159.0
16945.0,0.0,220,2191159.0
16950.0,0.0,220,2191159.0
16955.0,0.0,220,2191159.0
16960.0,0.0,220,2191159.0
16965.0,0.0,220,2191159.0
16970.0,0.0,220,2191159.0
16975.0,0.0,220,2191159.0
16980.0,0.0,220,2191159.0
16985.0,0.0,220,2191159.0
16990.0,0.0,220,2191159.0
16995.0,0.0,220,2191159.0
17000.0,0.0,220,2191159.0
17005.0,0.0,220,2191159.0
17010.0,0.0,220,2191159.0
17015.0,0.0,220,2191159.0
17020.0,0.0,220,2191159.0
17025.0,0.0,220,2191159.0
17030.0,0.0,220,2191159.0
17035.0,0.0,220,2191159.0
17040.0,0.0,220,2191159.0
17045.0,0.0,220,2191159.0
17050.0,0.0,220,2191159.0
17055.0,0.0,220,2191159.0
17060.0,0.0,220,2191159.0
17065.0,0.0,220,2191159.0
17070.0,0.0,220,2191159.0
17075.0,0.0,220,2191159.0
17080.0,0.0,220,2191159.0
17085.0,0.0,220,2191159.0
17090.0,0.0,220,2191159.0
17095.0,0.0,220,2191159.0
17100.0,0.0,220,2191159.0
17105.0,0.0,220,2191159.0
17110.0,0.0,220,2191159.0
17115.0,0.0,220,2191159.0
17120.0,0.0,220,2191159.0
17125.0,0.0,220,2191159.0
17130.0,0.0,220,2191159.0
17135.0,0.0,220,2191159.0
17140.0,0.0,220,2191159.0
17145.0,0.0,220,2191159.0
17150.0,0.0,220,2191159.0
17155.0,0.0,220,2191159.0
17160.0,0.0,220,2191159.0
17165.0,0.0,220,2191159.0
17170.0,0.0,220,2191159.0
17175.0,0.0,220,2191159.0
17180.0,0.0,220,2191159.0
17185.0,0.0,220,2191159.0
17190.0,0.0,220,2191159.0
17195.0,0.0,220,2191159.0
17200.0,0.0,220,2191159.0
17205.0,0.0,220,2191159.0
17210.0,0.0,220,2191159.0
17215.0,0.0,220,2191159.0
17220.0,0.0,220,2191159.0
17225.0,0.0,220,2191159.0
17230.0,0.0,220,2191159.0
17235.0,0.0,220,2191159.0
17240.0,0.0,220,2191159.0
17245.0,0.0,220,2191159.0
17250.0,0.0,220,2191159.0
17255.0,0.0,220,2191159.0
17260.0,0.0,220,2191159.0
17265.0,0.0,220,2191159.0
17270.0,0.0,220,2191159.0
17275.0,0.0,220,2191159.0
17280.0,0.0,220,2191159.0
17285.0,0.0,220,2191159.0
17290.0,0.0,220,2191159.0
17295.0,0.0,220,2191159.0
17300.0,0.0,220,2191159.0
17305.0,0.0,220,2191159.0
17310.0,0.0,220,2191159.0
17315.0,0.0,220,2191159.0
17320.0,0.0,220,2191159.0
17325.0,0.0,220,2191159.0
17330.0,0.0,220,2191159.0
17335.0,0.0,220,2191159.0
17340.0,0.0,220,2191159.0
17345.0,0.0,220,2191159.0
17350.0,0.0,220,2191159.0
17355.0,0.0,220,2191159.0
17360.0,0.0,220,2191159.0
17365.0,0.0,220,2191159.0
17370.0,0.0,220,2191159.0
17375.0,0.0,220,2191159.0
17380.0,0.0,220,2191159.0
17385.0,0.0,220,2191159.0
17390.0,0.0,220,2191159.0
17395.0,0.0,220,2191159.0
17400.0,0.0,220,2191159.0
17405.0,0.0,220,2191159.0
17410.0,0.0,220,2191159.0
17415.0,0.0,220,2191159.0
17420.0,0.0,220,2191159.0
17425.0,0.0,220,2191159.0
17430.0,0.0,220,2191159.0
17435.0,0.0,220,2191159.0
17440.0,0.0,220,2191159.0
17445.0,0.0,220,2191159.0
17450.0,0.0,220,2191159.0
17455.0,0.0,220,2191159.0
17460.0,0.0,220,2191159.0
17465.0,0.0,220,2191159.0
17470.0,0.0,220,2191159.0
17475.0,0.0,220,2191159.0
17480.0,0.0,220,2191159.0
17485.0,0.0,220,2191159.0
17490.0,0.0,220,2191159.0
17495.0,0.0,220,2191159.0
17500.0,0.0,220,2191159.0
17505.0,0.0,220,2191159.0
17510.0,0.0,220,2191159.0
17515.0,0.0,220,2191159.0
17520.0,0.0,220,2191159.0
17525.0,0.0,220,2191159.0
17530.0,0.0,220,2191159.0
17535.0,0.0,220,2191159.0
17540.0,0.0,220,2191159.0
17545.0,0.0,220,2191159.0
17550.0,0.0,220,2191159.0
17555.0,0.0,220,2191159.0
17560.0,0.0,220,2191159.0
17565.0,0.0,220,2191159.0
17570.0,0.0,220,2191159.0
17575.0,0.0,220,2191159.0
17580.0,0.0,220,2191159.0
17585.0,0.0,220,2191159.0
17590.0,0.0,220,2191159.0
17595.0,0.0,220,2191159.0
17600.0,0.0,220,2191159.0
17605.0,0.0,220,2191159.0
17610.0,0.0,220,2191159.0
17615.0,0.0,220,2191159.0
17620.0,0.0,220,2191159.0
17625.0,0.0,220,2191159.0
17630.0,0.0,220,2191159.0
17635.0,0.0,220,2191159.0
17640.0,0.0,220,2191159.0
17645.0,0.0,220,2191159.0
17650.0,0.0,220,2191159.0
17655.0,0.0,220,2191159.0
17660.0,0.0,220,2191159.0
17665.0,0.0,220,2191159.0
17670.0,0.0,220,2191159.0
17675.0,0.0,220,2191159.0
17680.0,0.0,220,2191159.0
17685.0,0.0,220,2191159.0
17690.0,0.0,220,2191159.0
17695.0,0.0,220,2191159.0
17700.0,0.0,220,2191159.0
17705.0,0.0,220,2191159.0
17710.0,0.0,220,2191159.0
17715.0,0.0,220,2191159.0
17720.0,0.0,220,2191159.0
17725.0,0.0,220,2191159.0
17730.0,0.0,220,2191159.0
17735.0,0.0,220,2191159.0
17740.0,0.0,220,2191159.0
17745.0,0.0,220,2191159.0
17750.0,0.0,220,2191159.0
17755.0,0.0,220,2191159.0
17760.0,0.0,220,2191159.0
17765.0,0.0,220,2191159.0
17770.0,0.0,220,2191159.0
17775.0,0.0,220,2191159.0
17780.0,0.0,220,2191159.0
17785.0,0.0,220,2191159.0
17790.0,0.0,220,2191159.0
17795.0,0.0,220,2191159.0
17800.0,0.0,220,2191159.0
17805.0,0.0,220,2191159.0
17810.0,0.0,220,2191159.0
17815.0,0.0,220,2191159.0
17820.0,0.0,220,2191159.0
17825.0,0.0,220,2191159.0
17830.0,0.0,220,2191159.0
17835.0,0.0,220,2191159.0
17840.0,0.0,220,2191159.0
17845.0,0.0,220,2191159.0
17850.0,0.0,220,2191159.0
17855.0,0.0,220,2191159.0
17860.0,0.0,220,2191159.0
17865.0,0.0,220,2191159.0
17870.0,0.0,220,2191159.0
17875.0,0.0,220,2191159.0
17880.0,0.0,220,2191159.0
17885.0,0.0,220,2191159.0
17890.0,0.0,220,2191159.0
17895.0,0.0,220,2191159.0
17900.0,0.0,220,2191159.0
17905.0,0.0,220,2191159.0
17910.0,0.0,220,2191159.0
17915.0,0.0,220,2191159.0
17920.0,0.0,220,2191159.0
17925.0,0.0,220,2191159.0
17930.0,0.0,220,2191159.0
17935.0,0.0,220,2191159.0
17940.0,0.0,220,2191159.0
17945.0,0.0,220,2191159.0
17950.0,0.0,220,2191159.0
17955.0,0.0,220,2191159.0
17960.0,0.0,220,2191159.0
17965.0,0.0,220,2191159.0
17970.0,0.0,220,2191159.0
17975.0,0.0,220,2191159.0
17980.0,0.0,220,2191159.0
17985.0,0.0,220,2191159.0
17990.0,0.0,220,2191159.0
17995.0,0.0,220,2191159.0
18000.0,0.0,220,2191159.0
18005.0,0.0,220,2191159.0
18010.0,0.0,220,2191159.0
18015.0,0.0,220,2191159.0
18020.0,0.0,220,2191159.0
18025.0,0.0,220,2191159.0
18030.0,0.0,220,2191159.0
18035.0,0.0,220,2191159.0
18040.0,0.0,220,2191159.0
18045.0,0.0,220,2191159.0
18050.0,0.0,220,2191159.0
18055.0,0.0,220,2191159.0
18060.0,0.0,220,2191159.0
18065.0,0.0,220,2191159.0
18070.0,0.0,220,2191159.0
18075.0,0.0,220,2191159.0
18080.0,0.0,220,2191159.0
18085.0,0.0,220,2191159.0
18090.0,0.0,220,2191159.0
18095.0,0.0,220,2191159.0
18100.0,0.0,220,2191159.0
18105.0,0.0,220,2191159.0
18110.0,0.0,220,2191159.0
18115.0,0.0,220,2191159.0
18120.0,0.0,220,2191159.0
18125.0,0.0,220,2191159.0
18130.0,0.0,220,2191159.0
18135.0,0.0,220,2191159.0
18140.0,0.0,220,2191159.0
18145.0,0.0,220,2191159.0
18150.0,0.0,220,2191159.0
18155.0,0.0,220,2191159.0
18160.0,0.0,220,2191159.0
18165.0,0.0,220,2191159.0
18170.0,0.0,220,2191159.0
18175.0,0.0,220,2191159.0
18180.0,0.0,220,2191159.0
18185.0,0.0,220,2191159.0
18190.0,0.0,220,2191159.0
18195.0,0.0,220,2191159.0
18200.0,0.0,220,2191159.0
18205.0,0.0,220,2191159.0
18210.0,0.0,220,2191159.0
18215.0,0.0,220,2191159.0
18220.0,0.0,220,2191159.0
18225.0,0.0,220,2191159.0
18230.0,0.0,220,2191159.0
18235.0,0.0,220,2191159.0
18240.0,0.0,220,2191159.0
18245.0,0.0,220,2191159.0
18250.0,0.0,220,2191159.0
18255.0,0.0,220,2191159.0
18260.0,0.0,220,2191159.0
18265.0,0.0,220,2191159.0
18270.0,0.0,220,2191159.0
18275.0,0.0,220,2191159.0
18280.0,0.0,220,2191159.0
18285.0,0.0,220,2191159.0
18290.0,0.0,220,2191159.0
18295.0,0.0,220,2191159.0
18300.0,0.0,220,2191159.0
18305.0,0.0,220,2191159.0
18310.0,0.0,220,2191159.0
18315.0,0.0,220,2191159.0
18320.0,0.0,220,2191159.0
18325.0,0.0,220,2191159.0
18330.0,0.0,220,2191159.0
18335.0,0.0,220,2191159.0
18340.0,0.0,220,2191159.0
18345.0,0.0,220,2191159.0
18350.0,0.0,220,2191159.0
18355.0,0.0,220,2191159.0
18360.0,0.0,220,2191159.0
18365.0,0.0,220,2191159.0
18370.0,0.0,220,2191159.0
18375.0,0.0,220,2191159.0
18380.0,0.0,220,2191159.0
18385.0,0.0,220,2191159.0
18390.0,0.0,220,2191159.0
18395.0,0.0,220,2191159.0
18400.0,0.0,220,2191159.0
18405.0,0.0,220,2191159.0
18410.0,0.0,220,2191159.0
18415.0,0.0,220,2191159.0
18420.0,0.0,220,2191159.0
18425.0,0.0,220,2191159.0
18430.0,0.0,220,2191159.0
18435.0,0.0,220,2191159.0
18440.0,0.0,220,2191159.0
18445.0,0.0,220,2191159.0
18450.0,0.0,220,2191159.0
18455.0,0.0,220,2191159.0
18460.0,0.0,220,2191159.0
18465.0,0.0,220,2191159.0
18470.0,0.0,220,2191159.0
18475.0,0.0,220,2191159.0
18480.0,0.0,220,2191159.0
18485.0,0.0,220,2191159.0
18490.0,0.0,220,2191159.0
18495.0,0.0,220,2191159.0
18500.0,0.0,220,2191159.0
18505.0,0.0,220,2191159.0
18510.0,0.0,220,2191159.0
18515.0,0.0,220,2191159.0
18520.0,0.0,220,2191159.0
18525.0,0.0,220,2191159.0
18530.0,0.0,220,2191159.0
18535.0,0.0,220,2191159.0
18540.0,0.0,220,2191159.0
18545.0,0.0,220,2191159.0
18550.0,0.0,220,2191159.0
18555.0,0.0,220,2191159.0
18560.0,0.0,220,2191159.0
18565.0,0.0,220,2191159.0
18570.0,0.0,220,2191159.0
18575.0,0.0,220,2191159.0
18580.0,0.0,220,2191159.0
18585.0,0.0,220,2191159.0
18590.0,0.0,220,2191159.0
18595.0,0.0,220,2191159.0
18600.0,0.0,220,2191159.0
18605.0,0.0,220,2191159.0
18610.0,0.0,220,2191159.0
18615.0,0.0,220,2191159.0
18620.0,0.0,220,2191159.0
18625.0,0.0,220,2191159.0
18630.0,0.0,220,2191159.0
18635.0,0.0,220,2191159.0
18640.0,0.0,220,2191159.0
18645.0,0.0,220,2191159.0
18650.0,0.0,220,2191159.0
18655.0,0.0,220,2191159.0
18660.0,0.0,220,2191159.0
18665.0,0.0,220,2191159.0
18670.0,0.0,220,2191159.0
18675.0,0.0,220,2191159.0
18680.0,0.0,220,2191159.0
18685.0,0.0,220,2191159.0
18690.0,0.0,220,2191159.0
18695.0,0.0,220,2191159.0
18700.0,0.0,220,2191159.0
18705.0,0.0,220,2191159.0
18710.0,0.0,220,2191159.0
18715.0,0.0,220,2191159.0
18720.0,0.0,220,2191159.0
18725.0,0.0,220,2191159.0
18730.0,0.0,220,2191159.0
18735.0,0.0,220,2191159.0
18740.0,0.0,220,2191159.0
18745.0,0.0,220,2191159.0
18750.0,0.0,220,2191159.0
18755.0,0.0,220,2191159.0
18760.0,0.0,220,2191159.0
18765.0,0.0,220,2191159.0
18770.0,0.0,220,2191159.0
18775.0,0.0,220,2191159.0
18780.0,0.0,220,2191159.0
18785.0,0.0,220,2191159.0
18790.0,0.0,220,2191159.0
18795.0,0.0,220,2191159.0
18800.0,0.0,220,2191159.0
18805.0,0.0,220,2191159.0
18810.0,0.0,220,2191159.0
18815.0,0.0,220,2191159.0
18820.0,0.0,220,2191159.0
18825.0,0.0,220,2191159.0
18830.0,0.0,220,2191159.0
18835.0,0.0,220,2191159.0
18840.0,0.0,220,2191159.0
18845.0,0.0,220,2191159.0
18850.0,0.0,220,2191159.0
18855.0,0.0,220,2191159.0
18860.0,0.0,220,2191159.0
18865.0,0.0,220,2191159.0
18870.0,0.0,220,2191159.0
18875.0,0.0,220,2191159.0
18880.0,0.0,220,2191159.0
18885.0,0.0,220,2191159.0
18890.0,0.0,220,2191159.0
18895.0,0.0,220,2191159.0
18900.0,0.0,220,2191159.0
18905.0,0.0,220,2191159.0
18910.0,0.0,220,2191159.0
18915.0,0.0,220,2191159.0
18920.0,0.0,220,2191159.0
18925.0,0.0,220,2191159.0
18930.0,0.0,220,2191159.0
18935.0,0.0,220,2191159.0
18940.0,0.0,220,2191159.0
18945.0,0.0,220,2191159.0
18950.0,0.0,220,2191159.0
18955.0,0.0,220,2191159.0
18960.0,0.0,220,2191159.0
18965.0,0.0,220,2191159.0
18970.0,0.0,220,2191159.0
18975.0,0.0,220,2191159.0
18980.0,0.0,220,2191159.0
18985.0,0.0,220,2191159.0
18990.0,0.0,220,2191159.0
18995.0,0.0,220,2191159.0
19000.0,0.0,220,2191159.0
19005.0,0.0,220,2191159.0
19010.0,0.0,220,2191159.0
19015.0,0.0,220,2191159.0
19020.0,0.0,220,2191159.0
19025.0,0.0,220,2191159.0
19030.0,0.0,220,2191159.0
19035.0,0.0,220,2191159.0
19040.0,0.0,220,2191159.0
19045.0,0.0,220,2191159.0
19050.0,0.0,220,2191159.0
19055.0,0.0,220,2191159.0
19060.0,0.0,220,2191159.0
19065.0,0.0,220,2191159.0
19070.0,0.0,220,2191159.0
19075.0,0.0,220,2191159.0
19080.0,0.0,220,2191159.0
19085.0,0.0,220,2191159.0
19090.0,0.0,220,2191159.0
19095.0,0.0,220,2191159.0
19100.0,0.0,220,2191159.0
19105.0,0.0,220,2191159.0
19110.0,0.0,220,2191159.0
19115.0,0.0,220,2191159.0
19120.0,0.0,220,2191159.0
19125.0,0.0,220,2191159.0
19130.0,0.0,220,2191159.0
19135.0,0.0,220,2191159.0
19140.0,0.0,220,2191159.0
19145.0,0.0,220,2191159.0
19150.0,0.0,220,2191159.0
19155.0,0.0,220,2191159.0
19160.0,0.0,220,2191159.0
19165.0,0.0,220,2191159.0
19170.0,0.0,220,2191159.0
19175.0,0.0,220,2191159.0
19180.0,0.0,220,2191159.0
19185.0,0.0,220,2191159.0
19190.0,0.0,220,2191159.0
19195.0,0.0,220,2191159.0
19200.0,0.0,220,2191159.0
19205.0,0.0,220,2191159.0
19210.0,0.0,220,2191159.0
19215.0,0.0,220,2191159.0
19220.0,0.0,220,2191159.0
19225.0,0.0,220,2191159.0
19230.0,0.0,220,2191159.0
19235.0,0.0,220,2191159.0
19240.0,0.0,220,2191159.0
19245.0,0.0,220,2191159.0
19250.0,0.0,220,2191159.0
19255.0,0.0,220,2191159.0
19260.0,0.0,220,2191159.0
19265.0,0.0,220,2191159.0
19270.0,0.0,220,2191159.0
19275.0,0.0,220,2191159.0
19280.0,0.0,220,2191159.0
19285.0,0.0,220,2191159.0
19290.0,0.0,220,2191159.0
19295.0,0.0,220,2191159.0
19300.0,0.0,220,2191159.0
19305.0,0.0,220,2191159.0
19310.0,0.0,220,2191159.0
19315.0,0.0,220,2191159.0
19320.0,0.0,220,2191159.0
19325.0,0.0,220,2191159.0
19330.0,0.0,220,2191159.0
19335.0,0.0,220,2191159.0
19340.0,0.0,220,2191159.0
19345.0,0.0,220,2191159.0
19350.0,0.0,220,2191159.0
19355.0,0.0,220,2191159.0
19360.0,0.0,220,2191159.0
19365.0,0.0,220,2191159.0
19370.0,0.0,220,2191159.0
19375.0,0.0,220,2191159.0
19380.0,0.0,220,2191159.0
19385.0,0.0,220,2191159.0
19390.0,0.0,220,2191159.0
19395.0,0.0,220,2191159.0
19400.0,0.0,220,2191159.0
19405.0,0.0,220,2191159.0
19410.0,0.0,220,2191159.0
19415.0,0.0,220,2191159.0
19420.0,0.0,220,2191159.0
19425.0,0.0,220,2191159.0
19430.0,0.0,220,2191159.0
19435.0,0.0,220,2191159.0
19440.0,0.0,220,2191159.0
19445.0,0.0,220,2191159.0
19450.0,0.0,220,2191159.0
19455.0,0.0,220,2191159.0
19460.0,0.0,220,2191159.0
19465.0,0.0,220,2191159.0
19470.0,0.0,220,2191159.0
19475.0,0.0,220,2191159.0
19480.0,0.0,220,2191159.0
19485.0,0.0,220,2191159.0
19490.0,0.0,220,2191159.0
19495.0,0.0,220,2191159.0
19500.0,0.0,220,2191159.0
19505.0,0.0,220,2191159.0
19510.0,0.0,220,2191159.0
19515.0,0.0,220,2191159.0
19520.0,0.0,220,2191159.0
19525.0,0.0,220,2191159.0
19530.0,0.0,220,2191159.0
19535.0,0.0,220,2191159.0
19540.0,0.0,220,2191159.0
19545.0,0.0,220,2191159.0
19550.0,0.0,220,2191159.0
19555.0,0.0,220,2191159.0
19560.0,0.0,220,2191159.0
19565.0,0.0,220,2191159.0
19570.0,0.0,220,2191159.0
19575.0,0.0,220,2191159.0
19580.0,0.0,220,2191159.0
19585.0,0.0,220,2191159.0
19590.0,0.0,220,2191159.0
19595.0,0.0,220,2191159.0
19600.0,0.0,220,2191159.0
19605.0,0.0,220,2191159.0
19610.0,0.0,220,2191159.0
19615.0,0.0,220,2191159.0
19620.0,0.0,220,2191159.0
19625.0,0.0,220,2191159.0
19630.0,0.0,220,2191159.0
19635.0,0.0,220,2191159.0
19640.0,0.0,220,2191159.0
19645.0,0.0,220,2191159.0
19650.0,0.0,220,2191159.0
19655.0,0.0,220,2191159.0
19660.0,0.0,220,2191159.0
19665.0,0.0,220,2191159.0
19670.0,0.0,220,2191159.0
19675.0,0.0,220,2191159.0
19680.0,0.0,220,2191159.0
19685.0,0.0,220,2191159.0
19690.0,0.0,220,2191159.0
19695.0,0.0,220,2191159.0
19700.0,0.0,220,2191159.0
19705.0,0.0,220,2191159.0
19710.0,0.0,220,2191159.0
19715.0,0.0,220,2191159.0
19720.0,0.0,220,2191159.0
19725.0,0.0,220,2191159.0
19730.0,0.0,220,2191159.0
19735.0,0.0,220,2191159.0
19740.0,0.0,220,2191159.0
19745.0,0.0,220,2191159.0
19750.0,0.0,220,2191159.0
19755.0,0.0,220,2191159.0
19760.0,0.0,220,2191159.0
19765.0,0.0,220,2191159.0
19770.0,0.0,220,2191159.0
19775.0,0.0,220,2191159.0
19780.0,0.0,220,2191159.0
19785.0,0.0,220,2191159.0
19790.0,0.0,220,2191159.0
19795.0,0.0,220,2191159.0
19800.0,0.0,220,2191159.0
19805.0,0.0,220,2191159.0
19810.0,0.0,220,2191159.0
19815.0,0.0,220,2191159.0
19820.0,0.0,220,2191159.0
19825.0,0.0,220,2191159.0
19830.0,0.0,220,2191159.0
19835.0,0.0,220,2191159.0
19840.0,0.0,220,2191159.0
19845.0,0.0,220,2191159.0
19850.0,0.0,220,2191159.0
19855.0,0.0,220,2191159.0
19860.0,0.0,220,2191159.0
19865.0,0.0,220,2191159.0
19870.0,0.0,220,2191159.0
19875.0,0.0,220,2191159.0
19880.0,0.0,220,2191159.0
19885.0,0.0,220,2191159.0
19890.0,0.0,220,2191159.0
19895.0,0.0,220,2191159.0
19900.0,0.0,220,2191159.0
19905.0,0.0,220,2191159.0
19910.0,0.0,220,2191159.0
19915.0,0.0,220,2191159.0
19920.0,0.0,220,2191159.0
19925.0,0.0,220,2191159.0
19930.0,0.0,220,2191159.0
19935.0,0.0,220,2191159.0
19940.0,0.0,220,2191159.0
19945.0,0.0,220,2191159.0
19950.0,0.0,220,2191159.0
19955.0,0.0,220,2191159.0
19960.0,0.0,220,2191159.0
19965.0,0.0,220,2191159.0
19970.0,0.0,220,2191159.0
19975.0,0.0,220,2191159.0
19980.0,0.0,220,2191159.0
19985.0,0.0,220,2191159.0
19990.0,0.0,220,2191159.0
19995.0,0.0,220,2191159.0
20000.0,0.0,220,2191159.0
20005.0,0.0,220,2191159.0
20010.0,0.0,220,2191159.0
20015.0,0.0,220,2191159.0
20020.0,0.0,220,2191159.0
20025.0,0.0,220,2191159.0
20030.0,0.0,220,2191159.0
20035.0,0.0,220,2191159.0
20040.0,0.0,220,2191159.0
20045.0,0.0,220,2191159.0
20050.0,0.0,220,2191159.0
20055.0,0.0,220,2191159.0
20060.0,0.0,220,2191159.0
20065.0,0.0,220,2191159.0
20070.0,0.0,220,2191159.0
20075.0,0.0,220,2191159.0
20080.0,0.0,220,2191159.0
20085.0,0.0,220,2191159.0
20090.0,0.0,220,2191159.0
20095.0,0.0,220,2191159.0
20100.0,0.0,220,2191159.0
20105.0,0.0,220,2191159.0
20110.0,0.0,220,2191159.0
20115.0,0.0,220,2191159.0
20120.0,0.0,220,2191159.0
20125.0,0.0,220,2191159.0
20130.0,0.0,220,2191159.0
20135.0,0.0,220,2191159.0
20140.0,0.0,220,2191159.0
20145.0,0.0,220,2191159.0
20150.0,0.0,220,2191159.0
20155.0,0.0,220,2191159.0
20160.0,0.0,220,2191159.0
20165.0,0.0,220,2191159.0
20170.0,0.0,220,2191159.0
20175.0,0.0,220,2191159.0
20180.0,0.0,220,2191159.0
20185.0,0.0,220,2191159.0
20190.0,0.0,220,2191159.0
20195.0,0.0,220,2191159.0
20200.0,0.0,220,2191159.0
20205.0,0.0,220,2191159.0
20210.0,0.0,220,2191159.0
20215.0,0.0,220,2191159.0
20220.0,0.0,220,2191159.0
20225.0,0.0,220,2191159.0
20230.0,0.0,220,2191159.0
20235.0,0.0,220,2191159.0
20240.0,0.0,220,2191159.0
20245.0,0.0,220,2191159.0
20250.0,0.0,220,2191159.0
20255.0,0.0,220,2191159.0
20260.0,0.0,220,2191159.0
20265.0,0.0,220,2191159.0
20270.0,0.0,220,2191159.0
20275.0,0.0,220,2191159.0
20280.0,0.0,220,2191159.0
20285.0,0.0,220,2191159.0
20290.0,0.0,220,2191159.0
20295.0,0.0,220,2191159.0
20300.0,0.0,220,2191159.0
20305.0,0.0,220,2191159.0
20310.0,0.0,220,2191159.0
20315.0,0.0,220,2191159.0
20320.0,0.0,220,2191159.0
20325.0,0.0,220,2191159.0
20330.0,0.0,220,2191159.0
20335.0,0.0,220,2191159.0
20340.0,0.0,220,2191159.0
20345.0,0.0,220,2191159.0
20350.0,0.0,220,2191159.0
20355.0,0.0,220,2191159.0
20360.0,0.0,220,2191159.0
20365.0,0.0,220,2191159.0
20370.0,0.0,220,2191159.0
20375.0,0.0,220,2191159.0
20380.0,0.0,220,2191159.0
20385.0,0.0,220,2191159.0
20390.0,0.0,220,2191159.0
20395.0,0.0,220,2191159.0
20400.0,0.0,220,2191159.0
20405.0,0.0,220,2191159.0
20410.0,0.0,220,2191159.0
20415.0,0.0,220,2191159.0
20420.0,0.0,220,2191159.0
20425.0,0.0,220,2191159.0
20430.0,0.0,220,2191159.0
20435.0,0.0,220,2191159.0
20440.0,0.0,220,2191159.0
20445.0,0.0,220,2191159.0
20450.0,0.0,220,2191159.0
20455.0,0.0,220,2191159.0
20460.0,0.0,220,2191159.0
20465.0,0.0,220,2191159.0
20470.0,0.0,220,2191159.0
20475.0,0.0,220,2191159.0
20480.0,0.0,220,2191159.0
20485.0,0.0,220,2191159.0
20490.0,0.0,220,2191159.0
20495.0,0.0,220,2191159.0
20500.0,0.0,220,2191159.0
20505.0,0.0,220,2191159.0
20510.0,0.0,220,2191159.0
20515.0,0.0,220,2191159.0
20520.0,0.0,220,2191159.0
20525.0,0.0,220,2191159.0
20530.0,0.0,220,2191159.0
20535.0,0.0,220,2191159.0
20540.0,0.0,220,2191159.0
20545.0,0.0,220,2191159.0
20550.0,0.0,220,2191159.0
20555.0,0.0,220,2191159.0
20560.0,0.0,220,2191159.0
20565.0,0.0,220,2191159.0
20570.0,0.0,220,2191159.0
20575.0,0.0,220,2191159.0
20580.0,0.0,220,2191159.0
20585.0,0.0,220,2191159.0
20590.0,0.0,220,2191159.0
20595.0,0.0,220,2191159.0
20600.0,0.0,220,2191159.0
20605.0,0.0,220,2191159.0
20610.0,0.0,220,2191159.0
20615.0,0.0,220,2191159.0
20620.0,0.0,220,2191159.0
20625.0,0.0,220,2191159.0
20630.0,0.0,220,2191159.0
20635.0,0.0,220,2191159.0
20640.0,0.0,220,2191159.0
20645.0,0.0,220,2191159.0
20650.0,0.0,220,2191159.0
20655.0,0.0,220,2191159.0
20660.0,0.0,220,2191159.0
20665.0,0.0,220,2191159.0
20670.0,0.0,220,2191159.0
20675.0,0.0,220,2191159.0
20680.0,0.0,220,2191159.0
20685.0,0.0,220,2191159.0
20690.0,0.0,220,2191159.0
20695.0,0.0,220,2191159.0
20700.0,0.0,220,2191159.0
20705.0,0.0,220,2191159.0
20710.0,0.0,220,2191159.0
20715.0,0.0,220,2191159.0
20720.0,0.0,220,2191159.0
20725.0,0.0,220,2191159.0
20730.0,0.0,220,2191159.0
20735.0,0.0,220,2191159.0
20740.0,0.0,220,2191159.0
20745.0,0.0,220,2191159.0
20750.0,0.0,220,2191159.0
20755.0,0.0,220,2191159.0
20760.0,0.0,220,2191159.0
20765.0,0.0,220,2191159.0
20770.0,0.0,220,2191159.0
20775.0,0.0,220,2191159.0
20780.0,0.0,220,2191159.0
20785.0,0.0,220,2191159.0
20790.0,0.0,220,2191159.0
20795.0,0.0,220,2191159.0
20800.0,0.0,220,2191159.0
20805.0,0.0,220,2191159.0
20810.0,0.0,220,2191159.0
20815.0,0.0,220,2191159.0
20820.0,0.0,220,2191159.0
20825.0,0.0,220,2191159.0
20830.0,0.0,220,2191159.0
20835.0,0.0,220,2191159.0
20840.0,0.0,220,2191159.0
20845.0,0.0,220,2191159.0
20850.0,0.0,220,2191159.0
20855.0,0.0,220,2191159.0
20860.0,0.0,220,2191159.0
20865.0,0.0,220,2191159.0
20870.0,0.0,220,2191159.0
20875.0,0.0,220,2191159.0
20880.0,0.0,220,2191159.0
20885.0,0.0,220,2191159.0
20890.0,0.0,220,2191159.0
20895.0,0.0,220,2191159.0
20900.0,0.0,220,2191159.0
20905.0,0.0,220,2191159.0
20910.0,0.0,220,2191159.0
20915.0,0.0,220,2191159.0
20920.0,0.0,220,2191159.0
20925.0,0.0,220,2191159.0
20930.0,0.0,220,2191159.0
20935.0,0.0,220,2191159.0
20940.0,0.0,220,2191159.0
20945.0,0.0,220,2191159.0
20950.0,0.0,220,2191159.0
20955.0,0.0,220,2191159.0
20960.0,0.0,220,2191159.0
20965.0,0.0,220,2191159.0
20970.0,0.0,220,2191159.0
20975.0,0.0,220,2191159.0
20980.0,0.0,220,2191159.0
20985.0,0.0,220,2191159.0
20990.0,0.0,220,2191159.0
20995.0,0.0,220,2191159.0
21000.0,0.0,220,2191159.0
21005.0,0.0,220,2191159.0
21010.0,0.0,220,2191159.0
21015.0,0.0,220,2191159.0
21020.0,0.0,220,2191159.0
21025.0,0.0,220,2191159.0
21030.0,0.0,220,2191159.0
21035.0,0.0,220,2191159.0
21040.0,0.0,220,2191159.0
21045.0,0.0,220,2191159.0
21050.0,0.0,220,2191159.0
21055.0,0.0,220,2191159.0
21060.0,0.0,220,2191159.0
21065.0,0.0,220,2191159.0
21070.0,0.0,220,2191159.0
21075.0,0.0,220,2191159.0
21080.0,0.0,220,2191159.0
21085.0,0.0,220,2191159.0
21090.0,0.0,220,2191159.0
21095.0,0.0,220,2191159.0
21100.0,0.0,220,2191159.0
21105.0,0.0,220,2191159.0
21110.0,0.0,220,2191159.0
21115.0,0.0,220,2191159.0
21120.0,0.0,220,2191159.0
21125.0,0.0,220,2191159.0
21130.0,0.0,220,2191159.0
21135.0,0.0,220,2191159.0
21140.0,0.0,220,2191159.0
21145.0,0.0,220,2191159.0
21150.0,0.0,220,2191159.0
21155.0,0.0,220,2191159.0
21160.0,0.0,220,2191159.0
21165.0,0.0,220,2191159.0
21170.0,0.0,220,2191159.0
21175.0,0.0,220,2191159.0
21180.0,0.0,220,2191159.0
21185.0,0.0,220,2191159.0
21190.0,0.0,220,2191159.0
21195.0,0.0,220,2191159.0
21200.0,0.0,220,2191159.0
21205.0,0.0,220,2191159.0
21210.0,0.0,220,2191159.0
21215.0,0.0,220,2191159.0
21220.0,0.0,220,2191159.0
21225.0,0.0,220,2191159.0
21230.0,0.0,220,2191159.0
21235.0,0.0,220,2191159.0
21240.0,0.0,220,2191159.0
21245.0,0.0,220,2191159.0
21250.0,0.0,220,2191159.0
21255.0,0.0,220,2191159.0
21260.0,0.0,220,2191159.0
21265.0,0.0,220,2191159.0
21270.0,0.0,220,2191159.0
21275.0,0.0,220,2191159.0
21280.0,0.0,220,2191159.0
21285.0,0.0,220,2191159.0
21290.0,0.0,220,2191159.0
21295.0,0.0,220,2191159.0
21300.0,0.0,220,2191159.0
21305.0,0.0,220,2191159.0
21310.0,0.0,220,2191159.0
21315.0,0.0,220,2191159.0
21320.0,0.0,220,2191159.0
21325.0,0.0,220,2191159.0
21330.0,0.0,220,2191159.0
21335.0,0.0,220,2191159.0
21340.0,0.0,220,2191159.0
21345.0,0.0,220,2191159.0
21350.0,0.0,220,2191159.0
21355.0,0.0,220,2191159.0
21360.0,0.0,220,2191159.0
21365.0,0.0,220,2191159.0
21370.0,0.0,220,2191159.0
21375.0,0.0,220,2191159.0
21380.0,0.0,220,2191159.0
21385.0,0.0,220,2191159.0
21390.0,0.0,220,2191159.0
21395.0,0.0,220,2191159.0
21400.0,0.0,220,2191159.0
21405.0,0.0,220,2191159.0
21410.0,0.0,220,2191159.0
21415.0,0.0,220,2191159.0
21420.0,0.0,220,2191159.0
21425.0,0.0,220,2191159.0
21430.0,0.0,220,2191159.0
21435.0,0.0,220,2191159.0
21440.0,0.0,220,2191159.0
21445.0,0.0,220,2191159.0
21450.0,0.0,220,2191159.0
21455.0,0.0,220,2191159.0
21460.0,0.0,220,2191159.0
21465.0,0.0,220,2191159.0
21470.0,0.0,220,2191159.0
21475.0,0.0,220,2191159.0
21480.0,0.0,220,2191159.0
21485.0,0.0,220,2191159.0
21490.0,0.0,220,2191159.0
21495.0,0.0,220,2191159.0
21500.0,0.0,220,2191159.0
21505.0,0.0,220,2191159.0
21510.0,0.0,220,2191159.0
21515.0,0.0,220,2191159.0
21520.0,0.0,220,2191159.0
21525.0,0.0,220,2191159.0
21530.0,0.0,220,2191159.0
21535.0,0.0,220,2191159.0
21540.0,0.0,220,2191159.0
21545.0,0.0,220,2191159.0
21550.0,0.0,220,2191159.0
21555.0,0.0,220,2191159.0
21560.0,0.0,220,2191159.0
21565.0,0.0,220,2191159.0
21570.0,0.0,220,2191159.0
21575.0,0.0,220,2191159.0
21580.0,0.0,220,2191159.0
21585.0,0.0,220,2191159.0
21590.0,0.0,220,2191159.0
21595.0,0.0,220,2191159.0
21600.0,0.0,220,2191159.0
21605.0,0.0,220,2191159.0
21610.0,0.0,220,2191159.0
21615.0,0.0,220,2191159.0
21620.0,0.0,220,2191159.0
21625.0,0.0,220,2191159.0
21630.0,0.0,220,2191159.0
21635.0,0.0,220,2191159.0
21640.0,0.0,220,2191159.0
21645.0,0.0,220,2191159.0
21650.0,0.0,220,2191159.0
21655.0,0.0,220,2191159.0
21660.0,0.0,220,2191159.0
21665.0,0.0,220,2191159.0
21670.0,0.0,220,2191159.0
21675.0,0.0,220,2191159.0
21680.0,0.0,220,2191159.0
21685.0,0.0,220,2191159.0
21690.0,0.0,220,2191159.0
21695.0,0.0,220,2191159.0
21700.0,0.0,220,2191159.0
21705.0,0.0,220,2191159.0
21710.0,0.0,220,2191159.0
21715.0,0.0,220,2191159.0
21720.0,0.0,220,2191159.0
21725.0,0.0,220,2191159.0
21730.0,0.0,220,2191159.0
21735.0,0.0,220,2191159.0
21740.0,0.0,220,2191159.0
21745.0,0.0,220,2191159.0
21750.0,0.0,220,2191159.0
21755.0,0.0,220,2191159.0
21760.0,0.0,220,2191159.0
21765.0,0.0,220,2191159.0
21770.0,0.0,220,2191159.0
21775.0,0.0,220,2191159.0
21780.0,0.0,220,2191159.0
21785.0,0.0,220,2191159.0
21790.0,0.0,220,2191159.0
21795.0,0.0,220,2191159.0
21800.0,0.0,220,2191159.0
21805.0,0.0,220,2191159.0
21810.0,0.0,220,2191159.0
21815.0,0.0,220,2191159.0
21820.0,0.0,220,2191159.0
21825.0,0.0,220,2191159.0
21830.0,0.0,220,2191159.0
21835.0,0.0,220,2191159.0
21840.0,0.0,220,2191159.0
21845.0,0.0,220,2191159.0
21850.0,0.0,220,2191159.0
21855.0,0.0,220,2191159.0
21860.0,0.0,220,2191159.0
21865.0,0.0,220,2191159.0
21870.0,0.0,220,2191159.0
21875.0,0.0,220,2191159.0
21880.0,0.0,220,2191159.0
21885.0,0.0,220,2191159.0
21890.0,0.0,220,2191159.0
21895.0,0.0,220,2191159.0
21900.0,0.0,220,2191159.0
21905.0,0.0,220,2191159.0
21910.0,0.0,220,2191159.0
21915.0,0.0,220,2191159.0
21920.0,0.0,220,2191159.0
21925.0,0.0,220,2191159.0
21930.0,0.0,220,2191159.0
21935.0,0.0,220,2191159.0
21940.0,0.0,220,2191159.0
21945.0,0.0,220,2191159.0
21950.0,0.0,220,2191159.0
21955.0,0.0,220,2191159.0
21960.0,0.0,220,2191159.0
21965.0,0.0,220,2191159.0
21970.0,0.0,220,2191159.0
21975.0,0.0,220,2191159.0
21980.0,0.0,220,2191159.0
21985.0,0.0,220,2191159.0
21990.0,0.0,220,2191159.0
21995.0,0.0,220,2191159.0
22000.0,0.0,220,2191159.0
22005.0,0.0,220,2191159.0
22010.0,0.0,220,2191159.0
22015.0,0.0,220,2191159.0
22020.0,0.0,220,2191159.0
22025.0,0.0,220,2191159.0
22030.0,0.0,220,2191159.0
22035.0,0.0,220,2191159.0
22040.0,0.0,220,2191159.0
22045.0,0.0,220,2191159.0
22050.0,0.0,220,2191159.0
22055.0,0.0,220,2191159.0
22060.0,0.0,220,2191159.0
22065.0,0.0,220,2191159.0
22070.0,0.0,220,2191159.0
22075.0,0.0,220,2191159.0
22080.0,0.0,220,2191159.0
22085.0,0.0,220,2191159.0
22090.0,0.0,220,2191159.0
22095.0,0.0,220,2191159.0
22100.0,0.0,220,2191159.0
22105.0,0.0,220,2191159.0
22110.0,0.0,220,2191159.0
22115.0,0.0,220,2191159.0
22120.0,0.0,220,2191159.0
22125.0,0.0,220,2191159.0
22130.0,0.0,220,2191159.0
22135.0,0.0,220,2191159.0
22140.0,0.0,220,2191159.0
22145.0,0.0,220,2191159.0
22150.0,0.0,220,2191159.0
22155.0,0.0,220,2191159.0
22160.0,0.0,220,2191159.0
22165.0,0.0,220,2191159.0
22170.0,0.0,220,2191159.0
22175.0,0.0,220,2191159.0
22180.0,0.0,220,2191159.0
22185.0,0.0,220,2191159.0
22190.0,0.0,220,2191159.0
22195.0,0.0,220,2191159.0
22200.0,0.0,220,2191159.0
22205.0,0.0,220,2191159.0
22210.0,0.0,220,2191159.0
22215.0,0.0,220,2191159.0
22220.0,0.0,220,2191159.0
22225.0,0.0,220,2191159.0
22230.0,0.0,220,2191159.0
22235.0,0.0,220,2191159.0
22240.0,0.0,220,2191159.0
22245.0,0.0,220,2191159.0
22250.0,0.0,220,2191159.0
22255.0,0.0,220,2191159.0
22260.0,0.0,220,2191159.0
22265.0,0.0,220,2191159.0
22270.0,0.0,220,2191159.0
22275.0,0.0,220,2191159.0
22280.0,0.0,220,2191159.0
22285.0,0.0,220,2191159.0
22290.0,0.0,220,2191159.0
22295.0,0.0,220,2191159.0
22300.0,0.0,220,2191159.0
22305.0,0.0,220,2191159.0
22310.0,0.0,220,2191159.0
22315.0,0.0,220,2191159.0
22320.0,0.0,220,2191159.0
22325.0,0.0,220,2191159.0
22330.0,0.0,220,2191159.0
22335.0,0.0,220,2191159.0
22340.0,0.0,220,2191159.0
22345.0,0.0,220,2191159.0
22350.0,0.0,220,2191159.0
22355.0,0.0,220,2191159.0
22360.0,0.0,220,2191159.0
22365.0,0.0,220,2191159.0
22370.0,0.0,220,2191159.0
22375.0,0.0,220,2191159.0
22380.0,0.0,220,2191159.0
22385.0,0.0,220,2191159.0
22390.0,0.0,220,2191159.0
22395.0,0.0,220,2191159.0
22400.0,0.0,220,2191159.0
22405.0,0.0,220,2191159.0
22410.0,0.0,220,2191159.0
22415.0,0.0,220,2191159.0
22420.0,0.0,220,2191159.0
22425.0,0.0,220,2191159.0
22430.0,0.0,220,2191159.0
22435.0,0.0,220,2191159.0
22440.0,0.0,220,2191159.0
22445.0,0.0,220,2191159.0
22450.0,0.0,220,2191159.0
22455.0,0.0,220,2191159.0
22460.0,0.0,220,2191159.0
22465.0,0.0,220,2191159.0
22470.0,0.0,220,2191159.0
22475.0,0.0,220,2191159.0
22480.0,0.0,220,2191159.0
22485.0,0.0,220,2191159.0
22490.0,0.0,220,2191159.0
22495.0,0.0,220,2191159.0
22500.0,0.0,220,2191159.0
22505.0,0.0,220,2191159.0
22510.0,0.0,220,2191159.0
22515.0,0.0,220,2191159.0
22520.0,0.0,220,2191159.0
22525.0,0.0,220,2191159.0
22530.0,0.0,220,2191159.0
22535.0,0.0,220,2191159.0
22540.0,0.0,220,2191159.0
22545.0,0.0,220,2191159.0
22550.0,0.0,220,2191159.0
22555.0,0.0,220,2191159.0
22560.0,0.0,220,2191159.0
22565.0,0.0,220,2191159.0
22570.0,0.0,220,2191159.0
22575.0,0.0,220,2191159.0
22580.0,0.0,220,2191159.0
22585.0,0.0,220,2191159.0
22590.0,0.0,220,2191159.0
22595.0,0.0,220,2191159.0
22600.0,0.0,220,2191159.0
22605.0,0.0,220,2191159.0
22610.0,0.0,220,2191159.0
22615.0,0.0,220,2191159.0
22620.0,0.0,220,2191159.0
22625.0,0.0,220,2191159.0
22630.0,0.0,220,2191159.0
22635.0,0.0,220,2191159.0
22640.0,0.0,220,2191159.0
22645.0,0.0,220,2191159.0
22650.0,0.0,220,2191159.0
22655.0,0.0,220,2191159.0
22660.0,0.0,220,2191159.0
22665.0,0.0,220,2191159.0
22670.0,0.0,220,2191159.0
22675.0,0.0,220,2191159.0
22680.0,0.0,220,2191159.0
22685.0,0.0,220,2191159.0
22690.0,0.0,220,2191159.0
22695.0,0.0,220,2191159.0
22700.0,0.0,220,2191159.0
22705.0,0.0,220,2191159.0
22710.0,0.0,220,2191159.0
22715.0,0.0,220,2191159.0
22720.0,0.0,220,2191159.0
22725.0,0.0,220,2191159.0
22730.0,0.0,220,2191159.0
22735.0,0.0,220,2191159.0
22740.0,0.0,220,2191159.0
22745.0,0.0,220,2191159.0
22750.0,0.0,220,2191159.0
22755.0,0.0,220,2191159.0
22760.0,0.0,220,2191159.0
22765.0,0.0,220,2191159.0
22770.0,0.0,220,2191159.0
22775.0,0.0,220,2191159.0
22780.0,0.0,220,2191159.0
22785.0,0.0,220,2191159.0
22790.0,0.0,220,2191159.0
22795.0,0.0,220,2191159.0
22800.0,0.0,220,2191159.0
22805.0,0.0,220,2191159.0
22810.0,0.0,220,2191159.0
22815.0,0.0,220,2191159.0
22820.0,0.0,220,2191159.0
22825.0,0.0,220,2191159.0
22830.0,0.0,220,2191159.0
22835.0,0.0,220,2191159.0
22840.0,0.0,220,2191159.0
22845.0,0.0,220,2191159.0
22850.0,0.0,220,2191159.0
22855.0,0.0,220,2191159.0
22860.0,0.0,220,2191159.0
22865.0,0.0,220,2191159.0
22870.0,0.0,220,2191159.0
22875.0,0.0,220,2191159.0
22880.0,0.0,220,2191159.0
22885.0,0.0,220,2191159.0
22890.0,0.0,220,2191159.0
22895.0,0.0,220,2191159.0
22900.0,0.0,220,2191159.0
22905.0,0.0,220,2191159.0
22910.0,0.0,220,2191159.0
22915.0,0.0,220,2191159.0
22920.0,0.0,220,2191159.0
22925.0,0.0,220,2191159.0
22930.0,0.0,220,2191159.0
22935.0,0.0,220,2191159.0
22940.0,0.0,220,2191159.0
22945.0,0.0,220,2191159.0
22950.0,0.0,220,2191159.0
22955.0,0.0,220,2191159.0
22960.0,0.0,220,2191159.0
22965.0,0.0,220,2191159.0
22970.0,0.0,220,2191159.0
22975.0,0.0,220,2191159.0
22980.0,0.0,220,2191159.0
22985.0,0.0,220,2191159.0
22990.0,0.0,220,2191159.0
22995.0,0.0,220,2191159.0
23000.0,0.0,220,2191159.0
23005.0,0.0,220,2191159.0
23010.0,0.0,220,2191159.0
23015.0,0.0,220,2191159.0
23020.0,0.0,220,2191159.0
23025.0,0.0,220,2191159.0
23030.0,0.0,220,2191159.0
23035.0,0.0,220,2191159.0
23040.0,0.0,220,2191159.0
23045.0,0.0,220,2191159.0
23050.0,0.0,220,2191159.0
23055.0,0.0,220,2191159.0
23060.0,0.0,220,2191159.0
23065.0,0.0,220,2191159.0
23070.0,0.0,220,2191159.0
23075.0,0.0,220,2191159.0
23080.0,0.0,220,2191159.0
23085.0,0.0,220,2191159.0
23090.0,0.0,220,2191159.0
23095.0,0.0,220,2191159.0
23100.0,0.0,220,2191159.0
23105.0,0.0,220,2191159.0
23110.0,0.0,220,2191159.0
23115.0,0.0,220,2191159.0
23120.0,0.0,220,2191159.0
23125.0,0.0,220,2191159.0
23130.0,0.0,220,2191159.0
23135.0,0.0,220,2191159.0
23140.0,0.0,220,2191159.0
23145.0,0.0,220,2191159.0
23150.0,0.0,220,2191159.0
23155.0,0.0,220,2191159.0
23160.0,0.0,220,2191159.0
23165.0,0.0,220,2191159.0
23170.0,0.0,220,2191159.0
23175.0,0.0,220,2191159.0
23180.0,0.0,220,2191159.0
23185.0,0.0,220,2191159.0
23190.0,0.0,220,2191159.0
23195.0,0.0,220,2191159.0
23200.0,0.0,220,2191159.0
23205.0,0.0,220,2191159.0
23210.0,0.0,220,2191159.0
23215.0,0.0,220,2191159.0
23220.0,0.0,220,2191159.0
23225.0,0.0,220,2191159.0
23230.0,0.0,220,2191159.0
23235.0,0.0,220,2191159.0
23240.0,0.0,220,2191159.0
23245.0,0.0,220,2191159.0
23250.0,0.0,220,2191159.0
23255.0,0.0,220,2191159.0
23260.0,0.0,220,2191159.0
23265.0,0.0,220,2191159.0
23270.0,0.0,220,2191159.0
23275.0,0.0,220,2191159.0
23280.0,0.0,220,2191159.0
23285.0,0.0,220,2191159.0
23290.0,0.0,220,2191159.0
23295.0,0.0,220,2191159.0
23300.0,0.0,220,2191159.0
23305.0,0.0,220,2191159.0
23310.0,0.0,220,2191159.0
23315.0,0.0,220,2191159.0
23320.0,0.0,220,2191159.0
23325.0,0.0,220,2191159.0
23330.0,0.0,220,2191159.0
23335.0,0.0,220,2191159.0
23340.0,0.0,220,2191159.0
23345.0,0.0,220,2191159.0
23350.0,0.0,220,2191159.0
23355.0,0.0,220,2191159.0
23360.0,0.0,220,2191159.0
23365.0,0.0,220,2191159.0
23370.0,0.0,220,2191159.0
23375.0,0.0,220,2191159.0
23380.0,0.0,220,2191159.0
23385.0,0.0,220,2191159.0
23390.0,0.0,220,2191159.0
23395.0,0.0,220,2191159.0
23400.0,0.0,220,2191159.0
23405.0,0.0,220,2191159.0
23410.0,0.0,220,2191159.0
23415.0,0.0,220,2191159.0
23420.0,0.0,220,2191159.0
23425.0,0.0,220,2191159.0
23430.0,0.0,220,2191159.0
23435.0,0.0,220,2191159.0
23440.0,0.0,220,2191159.0
23445.0,0.0,220,2191159.0
23450.0,0.0,220,2191159.0
23455.0,0.0,220,2191159.0
23460.0,0.0,220,2191159.0
23465.0,0.0,220,2191159.0
23470.0,0.0,220,2191159.0
23475.0,0.0,220,2191159.0
23480.0,0.0,220,2191159.0
23485.0,0.0,220,2191159.0
23490.0,0.0,220,2191159.0
23495.0,0.0,220,2191159.0
23500.0,0.0,220,2191159.0
23505.0,0.0,220,2191159.0
23510.0,0.0,220,2191159.0
23515.0,0.0,220,2191159.0
23520.0,0.0,220,2191159.0
23525.0,0.0,220,2191159.0
23530.0,0.0,220,2191159.0
23535.0,0.0,220,2191159.0
23540.0,0.0,220,2191159.0
23545.0,0.0,220,2191159.0
23550.0,0.0,220,2191159.0
23555.0,0.0,220,2191159.0
23560.0,0.0,220,2191159.0
23565.0,0.0,220,2191159.0
23570.0,0.0,220,2191159.0
23575.0,0.0,220,2191159.0
23580.0,0.0,220,2191159.0
23585.0,0.0,220,2191159.0
23590.0,0.0,220,2191159.0
23595.0,0.0,220,2191159.0
23600.0,0.0,220,2191159.0
23605.0,0.0,220,2191159.0
23610.0,0.0,220,2191159.0
23615.0,0.0,220,2191159.0
23620.0,0.0,220,2191159.0
23625.0,0.0,220,2191159.0
23630.0,0.0,220,2191159.0
23635.0,0.0,220,2191159.0
23640.0,0.0,220,2191159.0
23645.0,0.0,220,2191159.0
23650.0,0.0,220,2191159.0
23655.0,0.0,220,2191159.0
23660.0,0.0,220,2191159.0
23665.0,0.0,220,2191159.0
23670.0,0.0,220,2191159.0
23675.0,0.0,220,2191159.0
23680.0,0.0,220,2191159.0
23685.0,0.0,220,2191159.0
23690.0,0.0,220,2191159.0
23695.0,0.0,220,2191159.0
23700.0,0.0,220,2191159.0
23705.0,0.0,220,2191159.0
23710.0,0.0,220,2191159.0
23715.0,0.0,220,2191159.0
23720.0,0.0,220,2191159.0
23725.0,0.0,220,2191159.0
23730.0,0.0,220,2191159.0
23735.0,0.0,220,2191159.0
23740.0,0.0,220,2191159.0
23745.0,0.0,220,2191159.0
23750.0,0.0,220,2191159.0
23755.0,0.0,220,2191159.0
23760.0,0.0,220,2191159.0
23765.0,0.0,220,2191159.0
23770.0,0.0,220,2191159.0
23775.0,0.0,220,2191159.0
23780.0,0.0,220,2191159.0
23785.0,0.0,220,2191159.0
23790.0,0.0,220,2191159.0
23795.0,0.0,220,2191159.0
23800.0,0.0,220,2191159.0
23805.0,0.0,220,2191159.0
23810.0,0.0,220,2191159.0
23815.0,0.0,220,2191159.0
23820.0,0.0,220,2191159.0
23825.0,0.0,220,2191159.0
23830.0,0.0,220,2191159.0
23835.0,0.0,220,2191159.0
23840.0,0.0,220,2191159.0
23845.0,0.0,220,2191159.0
23850.0,0.0,220,2191159.0
23855.0,0.0,220,2191159.0
23860.0,0.0,220,2191159.0
23865.0,0.0,220,2191159.0
23870.0,0.0,220,2191159.0
23875.0,0.0,220,2191159.0
23880.0,0.0,220,2191159.0
23885.0,0.0,220,2191159.0
23890.0,0.0,220,2191159.0
23895.0,0.0,220,2191159.0
23900.0,0.0,220,2191159.0
23905.0,0.0,220,2191159.0
23910.0,0.0,220,2191159.0
23915.0,0.0,220,2191159.0
23920.0,0.0,220,2191159.0
23925.0,0.0,220,2191159.0
23930.0,0.0,220,2191159.0
23935.0,0.0,220,2191159.0
23940.0,0.0,220,2191159.0
23945.0,0.0,220,2191159.0
23950.0,0.0,220,2191159.0
23955.0,0.0,220,2191159.0
23960.0,0.0,220,2191159.0
23965.0,0.0,220,2191159.0
23970.0,0.0,220,2191159.0
23975.0,0.0,220,2191159.0
23980.0,0.0,220,2191159.0
23985.0,0.0,220,2191159.0
23990.0,0.0,220,2191159.0
23995.0,0.0,220,2191159.0
24000.0,0.0,220,2191159.0
24005.0,0.0,220,2191159.0
24010.0,0.0,220,2191159.0
24015.0,0.0,220,2191159.0
24020.0,0.0,220,2191159.0
24025.0,0.0,220,2191159.0
24030.0,0.0,220,2191159.0
24035.0,0.0,220,2191159.0
24040.0,0.0,220,2191159.0
24045.0,0.0,220,2191159.0
24050.0,0.0,220,2191159.0
24055.0,0.0,220,2191159.0
24060.0,0.0,220,2191159.0
24065.0,0.0,220,2191159.0
24070.0,0.0,220,2191159.0
24075.0,0.0,220,2191159.0
24080.0,0.0,220,2191159.0
24085.0,0.0,220,2191159.0
24090.0,0.0,220,2191159.0
24095.0,0.0,220,2191159.0
24100.0,0.0,220,2191159.0
24105.0,0.0,220,2191159.0
24110.0,0.0,220,2191159.0
24115.0,0.0,220,2191159.0
24120.0,0.0,220,2191159.0
24125.0,0.0,220,2191159.0
24130.0,0.0,220,2191159.0
24135.0,0.0,220,2191159.0
24140.0,0.0,220,2191159.0
24145.0,0.0,220,2191159.0
24150.0,0.0,220,2191159.0
24155.0,0.0,220,2191159.0
24160.0,0.0,220,2191159.0
24165.0,0.0,220,2191159.0
24170.0,0.0,220,2191159.0
24175.0,0.0,220,2191159.0
24180.0,0.0,220,2191159.0
24185.0,0.0,220,2191159.0
24190.0,0.0,220,2191159.0
24195.0,0.0,220,2191159.0
24200.0,0.0,220,2191159.0
24205.0,0.0,220,2191159.0
24210.0,0.0,220,2191159.0
24215.0,0.0,220,2191159.0
24220.0,0.0,220,2191159.0
24225.0,0.0,220,2191159.0
24230.0,0.0,220,2191159.0
24235.0,0.0,220,2191159.0
24240.0,0.0,220,2191159.0
24245.0,0.0,220,2191159.0
24250.0,0.0,220,2191159.0
24255.0,0.0,220,2191159.0
24260.0,0.0,220,2191159.0
24265.0,0.0,220,2191159.0
24270.0,0.0,220,2191159.0
24275.0,0.0,220,2191159.0
24280.0,0.0,220,2191159.0
24285.0,0.0,220,2191159.0
24290.0,0.0,220,2191159.0
24295.0,0.0,220,2191159.0
24300.0,0.0,220,2191159.0
24305.0,0.0,220,2191159.0
24310.0,0.0,220,2191159.0
24315.0,0.0,220,2191159.0
24320.0,0.0,220,2191159.0
24325.0,0.0,220,2191159.0
24330.0,0.0,220,2191159.0
24335.0,0.0,220,2191159.0
24340.0,0.0,220,2191159.0
24345.0,0.0,220,2191159.0
24350.0,0.0,220,2191159.0
24355.0,0.0,220,2191159.0
24360.0,0.0,220,2191159.0
24365.0,0.0,220,2191159.0
24370.0,0.0,220,2191159.0
24375.0,0.0,220,2191159.0
24380.0,0.0,220,2191159.0
24385.0,0.0,220,2191159.0
24390.0,0.0,220,2191159.0
24395.0,0.0,220,2191159.0
24400.0,0.0,220,2191159.0
24405.0,0.0,220,2191159.0
24410.0,0.0,220,2191159.0
24415.0,0.0,220,2191159.0
24420.0,0.0,220,2191159.0
24425.0,0.0,220,2191159.0
24430.0,0.0,220,2191159.0
24435.0,0.0,220,2191159.0
24440.0,0.0,220,2191159.0
24445.0,0.0,220,2191159.0
24450.0,0.0,220,2191159.0
24455.0,0.0,220,2191159.0
24460.0,0.0,220,2191159.0
24465.0,0.0,220,2191159.0
24470.0,0.0,220,2191159.0
24475.0,0.0,220,2191159.0
24480.0,0.0,220,2191159.0
24485.0,0.0,220,2191159.0
24490.0,0.0,220,2191159.0
24495.0,0.0,220,2191159.0
24500.0,0.0,220,2191159.0
24505.0,0.0,220,2191159.0
24510.0,0.0,220,2191159.0
24515.0,0.0,220,2191159.0
24520.0,0.0,220,2191159.0
24525.0,0.0,220,2191159.0
24530.0,0.0,220,2191159.0
24535.0,0.0,220,2191159.0
24540.0,0.0,220,2191159.0
24545.0,0.0,220,2191159.0
24550.0,0.0,220,2191159.0
24555.0,0.0,220,2191159.0
24560.0,0.0,220,2191159.0
24565.0,0.0,220,2191159.0
24570.0,0.0,220,2191159.0
24575.0,0.0,220,2191159.0
24580.0,0.0,220,2191159.0
24585.0,0.0,220,2191159.0
24590.0,0.0,220,2191159.0
24595.0,0.0,220,2191159.0
24600.0,0.0,220,2191159.0
24605.0,0.0,220,2191159.0
24610.0,0.0,220,2191159.0
24615.0,0.0,220,2191159.0
24620.0,0.0,220,2191159.0
24625.0,0.0,220,2191159.0
24630.0,0.0,220,2191159.0
24635.0,0.0,220,2191159.0
24640.0,0.0,220,2191159.0
24645.0,0.0,220,2191159.0
24650.0,0.0,220,2191159.0
24655.0,0.0,220,2191159.0
24660.0,0.0,220,2191159.0
24665.0,0.0,220,2191159.0
24670.0,0.0,220,2191159.0
24675.0,0.0,220,2191159.0
24680.0,0.0,220,2191159.0
24685.0,0.0,220,2191159.0
24690.0,0.0,220,2191159.0
24695.0,0.0,220,2191159.0
24700.0,0.0,220,2191159.0
24705.0,0.0,220,2191159.0
24710.0,0.0,220,2191159.0
24715.0,0.0,220,2191159.0
24720.0,0.0,220,2191159.0
24725.0,0.0,220,2191159.0
24730.0,0.0,220,2191159.0
24735.0,0.0,220,2191159.0
24740.0,0.0,220,2191159.0
24745.0,0.0,220,2191159.0
24750.0,0.0,220,2191159.0
24755.0,0.0,220,2191159.0
24760.0,0.0,220,2191159.0
24765.0,0.0,220,2191159.0
24770.0,0.0,220,2191159.0
24775.0,0.0,220,2191159.0
24780.0,0.0,220,2191159.0
24785.0,0.0,220,2191159.0
24790.0,0.0,220,2191159.0
24795.0,0.0,220,2191159.0
24800.0,0.0,220,2191159.0
24805.0,0.0,220,2191159.0
24810.0,0.0,220,2191159.0
24815.0,0.0,220,2191159.0
24820.0,0.0,220,2191159.0
24825.0,0.0,220,2191159.0
24830.0,0.0,220,2191159.0
24835.0,0.0,220,2191159.0
24840.0,0.0,220,2191159.0
24845.0,0.0,220,2191159.0
24850.0,0.0,220,2191159.0
24855.0,0.0,220,2191159.0
24860.0,0.0,220,2191159.0
24865.0,0.0,220,2191159.0
24870.0,0.0,220,2191159.0
24875.0,0.0,220,2191159.0
24880.0,0.0,220,2191159.0
24885.0,0.0,220,2191159.0
24890.0,0.0,220,2191159.0
24895.0,0.0,220,2191159.0
24900.0,0.0,220,2191159.0
24905.0,0.0,220,2191159.0
24910.0,0.0,220,2191159.0
24915.0,0.0,220,2191159.0
24920.0,0.0,220,2191159.0
24925.0,0.0,220,2191159.0
24930.0,0.0,220,2191159.0
24935.0,0.0,220,2191159.0
24940.0,0.0,220,2191159.0
24945.0,0.0,220,2191159.0
24950.0,0.0,220,2191159.0
24955.0,0.0,220,2191159.0
24960.0,0.0,220,2191159.0
24965.0,0.0,220,2191159.0
24970.0,0.0,220,2191159.0
24975.0,0.0,220,2191159.0
24980.0,0.0,220,2191159.0
24985.0,0.0,220,2191159.0
24990.0,0.0,220,2191159.0
24995.0,0.0,220,2191159.0
25000.0,0.0,220,2191159.0
25005.0,0.0,220,2191159.0
25010.0,0.0,220,2191159.0
25015.0,0.0,220,2191159.0
25020.0,0.0,220,2191159.0
25025.0,0.0,220,2191159.0
25030.0,0.0,220,2191159.0
25035.0,0.0,220,2191159.0
25040.0,0.0,220,2191159.0
25045.0,0.0,220,2191159.0
25050.0,0.0,220,2191159.0
25055.0,0.0,220,2191159.0
25060.0,0.0,220,2191159.0
25065.0,0.0,220,2191159.0
25070.0,0.0,220,2191159.0
25075.0,0.0,220,2191159.0
25080.0,0.0,220,2191159.0
25085.0,0.0,220,2191159.0
25090.0,0.0,220,2191159.0
25095.0,0.0,220,2191159.0
25100.0,0.0,220,2191159.0
25105.0,0.0,220,2191159.0
25110.0,0.0,220,2191159.0
25115.0,0.0,220,2191159.0
25120.0,0.0,220,2191159.0
25125.0,0.0,220,2191159.0
25130.0,0.0,220,2191159.0
25135.0,0.0,220,2191159.0
25140.0,0.0,220,2191159.0
25145.0,0.0,220,2191159.0
25150.0,0.0,220,2191159.0
25155.0,0.0,220,2191159.0
25160.0,0.0,220,2191159.0
25165.0,0.0,220,2191159.0
25170.0,0.0,220,2191159.0
25175.0,0.0,220,2191159.0
25180.0,0.0,220,2191159.0
25185.0,0.0,220,2191159.0
25190.0,0.0,220,2191159.0
25195.0,0.0,220,2191159.0
25200.0,0.0,220,2191159.0
25205.0,0.0,220,2191159.0
25210.0,0.0,220,2191159.0
25215.0,0.0,220,2191159.0
25220.0,0.0,220,2191159.0
25225.0,0.0,220,2191159.0
25230.0,0.0,220,2191159.0
25235.0,0.0,220,2191159.0
25240.0,0.0,220,2191159.0
25245.0,0.0,220,2191159.0
25250.0,0.0,220,2191159.0
25255.0,0.0,220,2191159.0
25260.0,0.0,220,2191159.0
25265.0,0.0,220,2191159.0
25270.0,0.0,220,2191159.0
25275.0,0.0,220,2191159.0
25280.0,0.0,220,2191159.0
25285.0,0.0,220,2191159.0
25290.0,0.0,220,2191159.0
25295.0,0.0,220,2191159.0
25300.0,0.0,220,2191159.0
25305.0,0.0,220,2191159.0
25310.0,0.0,220,2191159.0
25315.0,0.0,220,2191159.0
25320.0,0.0,220,2191159.0
25325.0,0.0,220,2191159.0
25330.0,0.0,220,2191159.0
25335.0,0.0,220,2191159.0
25340.0,0.0,220,2191159.0
25345.0,0.0,220,2191159.0
25350.0,0.0,220,2191159.0
25355.0,0.0,220,2191159.0
25360.0,0.0,220,2191159.0
25365.0,0.0,220,2191159.0
25370.0,0.0,220,2191159.0
25375.0,0.0,220,2191159.0
25380.0,0.0,220,2191159.0
25385.0,0.0,220,2191159.0
25390.0,0.0,220,2191159.0
25395.0,0.0,220,2191159.0
25400.0,0.0,220,2191159.0
25405.0,0.0,220,2191159.0
25410.0,0.0,220,2191159.0
25415.0,0.0,220,2191159.0
25420.0,0.0,220,2191159.0
25425.0,0.0,220,2191159.0
25430.0,0.0,220,2191159.0
25435.0,0.0,220,2191159.0
25440.0,0.0,220,2191159.0
25445.0,0.0,220,2191159.0
25450.0,0.0,220,2191159.0
25455.0,0.0,220,2191159.0
25460.0,0.0,220,2191159.0
25465.0,0.0,220,2191159.0
25470.0,0.0,220,2191159.0
25475.0,0.0,220,2191159.0
25480.0,0.0,220,2191159.0
25485.0,0.0,220,2191159.0
25490.0,0.0,220,2191159.0
25495.0,0.0,220,2191159.0
25500.0,0.0,220,2191159.0
25505.0,0.0,220,2191159.0
25510.0,0.0,220,2191159.0
25515.0,0.0,220,2191159.0
25520.0,0.0,220,2191159.0
25525.0,0.0,220,2191159.0
25530.0,0.0,220,2191159.0
25535.0,0.0,220,2191159.0
25540.0,0.0,220,2191159.0
25545.0,0.0,220,2191159.0
25550.0,0.0,220,2191159.0
25555.0,0.0,220,2191159.0
25560.0,0.0,220,2191159.0
25565.0,0.0,220,2191159.0
25570.0,0.0,220,2191159.0
25575.0,0.0,220,2191159.0
25580.0,0.0,220,2191159.0
25585.0,0.0,220,2191159.0
25590.0,0.0,220,2191159.0
25595.0,0.0,220,2191159.0
25600.0,0.0,220,2191159.0
25605.0,0.0,220,2191159.0
25610.0,0.0,220,2191159.0
25615.0,0.0,220,2191159.0
25620.0,0.0,220,2191159.0
25625.0,0.0,220,2191159.0
25630.0,0.0,220,2191159.0
25635.0,0.0,220,2191159.0
25640.0,0.0,220,2191159.0
25645.0,0.0,220,2191159.0
25650.0,0.0,220,2191159.0
25655.0,0.0,220,2191159.0
25660.0,0.0,220,2191159.0
25665.0,0.0,220,2191159.0
25670.0,0.0,220,2191159.0
25675.0,0.0,220,2191159.0
25680.0,0.0,220,2191159.0
25685.0,0.0,220,2191159.0
25690.0,0.0,220,2191159.0
25695.0,0.0,220,2191159.0
25700.0,0.0,220,2191159.0
25705.0,0.0,220,2191159.0
25710.0,0.0,220,2191159.0
25715.0,0.0,220,2191159.0
25720.0,0.0,220,2191159.0
25725.0,0.0,220,2191159.0
25730.0,0.0,220,2191159.0
25735.0,0.0,220,2191159.0
25740.0,0.0,220,2191159.0
25745.0,0.0,220,2191159.0
25750.0,0.0,220,2191159.0
25755.0,0.0,220,2191159.0
25760.0,0.0,220,2191159.0
25765.0,0.0,220,2191159.0
25770.0,0.0,220,2191159.0
25775.0,0.0,220,2191159.0
25780.0,0.0,220,2191159.0
25785.0,0.0,220,2191159.0
25790.0,0.0,220,2191159.0
25795.0,0.0,220,2191159.0
25800.0,0.0,220,2191159.0
25805.0,0.0,220,2191159.0
25810.0,0.0,220,2191159.0
25815.0,0.0,220,2191159.0
25820.0,0.0,220,2191159.0
25825.0,0.0,220,2191159.0
25830.0,0.0,220,2191159.0
25835.0,0.0,220,2191159.0
25840.0,0.0,220,2191159.0
25845.0,0.0,220,2191159.0
25850.0,0.0,220,2191159.0
25855.0,0.0,220,2191159.0
25860.0,0.0,220,2191159.0
25865.0,0.0,220,2191159.0
25870.0,0.0,220,2191159.0
25875.0,0.0,220,2191159.0
25880.0,0.0,220,2191159.0
25885.0,0.0,220,2191159.0
25890.0,0.0,220,2191159.0
25895.0,0.0,220,2191159.0
25900.0,0.0,220,2191159.0
25905.0,0.0,220,2191159.0
25910.0,0.0,220,2191159.0
25915.0,0.0,220,2191159.0
25920.0,0.0,220,2191159.0
25925.0,0.0,220,2191159.0
25930.0,0.0,220,2191159.0
25935.0,0.0,220,2191159.0
25940.0,0.0,220,2191159.0
25945.0,0.0,220,2191159.0
25950.0,0.0,220,2191159.0
25955.0,0.0,220,2191159.0
25960.0,0.0,220,2191159.0
25965.0,0.0,220,2191159.0
25970.0,0.0,220,2191159.0
25975.0,0.0,220,2191159.0
25980.0,0.0,220,2191159.0
25985.0,0.0,220,2191159.0
25990.0,0.0,220,2191159.0
25995.0,0.0,220,2191159.0
26000.0,0.0,220,2191159.0
26005.0,0.0,220,2191159.0
26010.0,0.0,220,2191159.0
26015.0,0.0,220,2191159.0
26020.0,0.0,220,2191159.0
26025.0,0.0,220,2191159.0
26030.0,0.0,220,2191159.0
26035.0,0.0,220,2191159.0
26040.0,0.0,220,2191159.0
26045.0,0.0,220,2191159.0
26050.0,0.0,220,2191159.0
26055.0,0.0,220,2191159.0
26060.0,0.0,220,2191159.0
26065.0,0.0,220,2191159.0
26070.0,0.0,220,2191159.0
26075.0,0.0,220,2191159.0
26080.0,0.0,220,2191159.0
26085.0,0.0,220,2191159.0
26090.0,0.0,220,2191159.0
26095.0,0.0,220,2191159.0
26100.0,0.0,220,2191159.0
26105.0,0.0,220,2191159.0
26110.0,0.0,220,2191159.0
26115.0,0.0,220,2191159.0
26120.0,0.0,220,2191159.0
26125.0,0.0,220,2191159.0
26130.0,0.0,220,2191159.0
26135.0,0.0,220,2191159.0
26140.0,0.0,220,2191159.0
26145.0,0.0,220,2191159.0
26150.0,0.0,220,2191159.0
26155.0,0.0,220,2191159.0
26160.0,0.0,220,2191159.0
26165.0,0.0,220,2191159.0
26170.0,0.0,220,2191159.0
26175.0,0.0,220,2191159.0
26180.0,0.0,220,2191159.0
26185.0,0.0,220,2191159.0
26190.0,0.0,220,2191159.0
26195.0,0.0,220,2191159.0
26200.0,0.0,220,2191159.0
26205.0,0.0,220,2191159.0
26210.0,0.0,220,2191159.0
26215.0,0.0,220,2191159.0
26220.0,0.0,220,2191159.0
26225.0,0.0,220,2191159.0
26230.0,0.0,220,2191159.0
26235.0,0.0,220,2191159.0
26240.0,0.0,220,2191159.0
26245.0,0.0,220,2191159.0
26250.0,0.0,220,2191159.0
26255.0,0.0,220,2191159.0
26260.0,0.0,220,2191159.0
26265.0,0.0,220,2191159.0
26270.0,0.0,220,2191159.0
26275.0,0.0,220,2191159.0
26280.0,0.0,220,2191159.0
26285.0,0.0,220,2191159.0
26290.0,0.0,220,2191159.0
26295.0,0.0,220,2191159.0
26300.0,0.0,220,2191159.0
26305.0,0.0,220,2191159.0
26310.0,0.0,220,2191159.0
26315.0,0.0,220,2191159.0
26320.0,0.0,220,2191159.0
26325.0,0.0,220,2191159.0
26330.0,0.0,220,2191159.0
26335.0,0.0,220,2191159.0
26340.0,0.0,220,2191159.0
26345.0,0.0,220,2191159.0
26350.0,0.0,220,2191159.0
26355.0,0.0,220,2191159.0
26360.0,0.0,220,2191159.0
26365.0,0.0,220,2191159.0
26370.0,0.0,220,2191159.0
26375.0,0.0,220,2191159.0
26380.0,0.0,220,2191159.0
26385.0,0.0,220,2191159.0
26390.0,0.0,220,2191159.0
26395.0,0.0,220,2191159.0
26400.0,0.0,220,2191159.0
26405.0,0.0,220,2191159.0
26410.0,0.0,220,2191159.0
26415.0,0.0,220,2191159.0
26420.0,0.0,220,2191159.0
26425.0,0.0,220,2191159.0
26430.0,0.0,220,2191159.0
26435.0,0.0,220,2191159.0
26440.0,0.0,220,2191159.0
26445.0,0.0,220,2191159.0
26450.0,0.0,220,2191159.0
26455.0,0.0,220,2191159.0
26460.0,0.0,220,2191159.0
26465.0,0.0,220,2191159.0
26470.0,0.0,220,2191159.0
26475.0,0.0,220,2191159.0
26480.0,0.0,220,2191159.0
26485.0,0.0,220,2191159.0
26490.0,0.0,220,2191159.0
26495.0,0.0,220,2191159.0
26500.0,0.0,220,2191159.0
26505.0,0.0,220,2191159.0
26510.0,0.0,220,2191159.0
26515.0,0.0,220,2191159.0
26520.0,0.0,220,2191159.0
26525.0,0.0,220,2191159.0
26530.0,0.0,220,2191159.0
26535.0,0.0,220,2191159.0
26540.0,0.0,220,2191159.0
26545.0,0.0,220,2191159.0
26550.0,0.0,220,2191159.0
26555.0,0.0,220,2191159.0
26560.0,0.0,220,2191159.0
26565.0,0.0,220,2191159.0
26570.0,0.0,220,2191159.0
26575.0,0.0,220,2191159.0
26580.0,0.0,220,2191159.0
26585.0,0.0,220,2191159.0
26590.0,0.0,220,2191159.0
26595.0,0.0,220,2191159.0
26600.0,0.0,220,2191159.0
26605.0,0.0,220,2191159.0
26610.0,0.0,220,2191159.0
26615.0,0.0,220,2191159.0
26620.0,0.0,220,2191159.0
26625.0,0.0,220,2191159.0
26630.0,0.0,220,2191159.0
26635.0,0.0,220,2191159.0
26640.0,0.0,220,2191159.0
26645.0,0.0,220,2191159.0
26650.0,0.0,220,2191159.0
26655.0,0.0,220,2191159.0
26660.0,0.0,220,2191159.0
26665.0,0.0,220,2191159.0
26670.0,0.0,220,2191159.0
26675.0,0.0,220,2191159.0
26680.0,0.0,220,2191159.0
26685.0,0.0,220,2191159.0
26690.0,0.0,220,2191159.0
26695.0,0.0,220,2191159.0
26700.0,0.0,220,2191159.0
26705.0,0.0,220,2191159.0
26710.0,0.0,220,2191159.0
26715.0,0.0,220,2191159.0
26720.0,0.0,220,2191159.0
26725.0,0.0,220,2191159.0
26730.0,0.0,220,2191159.0
26735.0,0.0,220,2191159.0
26740.0,0.0,220,2191159.0
26745.0,0.0,220,2191159.0
26750.0,0.0,220,2191159.0
26755.0,0.0,220,2191159.0
26760.0,0.0,220,2191159.0
26765.0,0.0,220,2191159.0
26770.0,0.0,220,2191159.0
26775.0,0.0,220,2191159.0
26780.0,0.0,220,2191159.0
26785.0,0.0,220,2191159.0
26790.0,0.0,220,2191159.0
26795.0,0.0,220,2191159.0
26800.0,0.0,220,2191159.0
26805.0,0.0,220,2191159.0
26810.0,0.0,220,2191159.0
26815.0,0.0,220,2191159.0
26820.0,0.0,220,2191159.0
26825.0,0.0,220,2191159.0
26830.0,0.0,220,2191159.0
26835.0,0.0,220,2191159.0
26840.0,0.0,220,2191159.0
26845.0,0.0,220,2191159.0
26850.0,0.0,220,2191159.0
26855.0,0.0,220,2191159.0
26860.0,0.0,220,2191159.0
26865.0,0.0,220,2191159.0
26870.0,0.0,220,2191159.0
26875.0,0.0,220,2191159.0
26880.0,0.0,220,2191159.0
26885.0,0.0,220,2191159.0
26890.0,0.0,220,2191159.0
26895.0,0.0,220,2191159.0
26900.0,0.0,220,2191159.0
26905.0,0.0,220,2191159.0
26910.0,0.0,220,2191159.0
26915.0,0.0,220,2191159.0
26920.0,0.0,220,2191159.0
26925.0,0.0,220,2191159.0
26930.0,0.0,220,2191159.0
26935.0,0.0,220,2191159.0
26940.0,0.0,220,2191159.0
26945.0,0.0,220,2191159.0
26950.0,0.0,220,2191159.0
26955.0,0.0,220,2191159.0
26960.0,0.0,220,2191159.0
26965.0,0.0,220,2191159.0
26970.0,0.0,220,2191159.0
26975.0,0.0,220,2191159.0
26980.0,0.0,220,2191159.0
26985.0,0.0,220,2191159.0
26990.0,0.0,220,2191159.0
26995.0,0.0,220,2191159.0
27000.0,0.0,220,2191159.0
27005.0,0.0,220,2191159.0
27010.0,0.0,220,2191159.0
27015.0,0.0,220,2191159.0
27020.0,0.0,220,2191159.0
27025.0,0.0,220,2191159.0
27030.0,0.0,220,2191159.0
27035.0,0.0,220,2191159.0
27040.0,0.0,220,2191159.0
27045.0,0.0,220,2191159.0
27050.0,0.0,220,2191159.0
27055.0,0.0,220,2191159.0
27060.0,0.0,220,2191159.0
27065.0,0.0,220,2191159.0
27070.0,0.0,220,2191159.0
27075.0,0.0,220,2191159.0
27080.0,0.0,220,2191159.0
27085.0,0.0,220,2191159.0
27090.0,0.0,220,2191159.0
27095.0,0.0,220,2191159.0
27100.0,0.0,220,2191159.0
27105.0,0.0,220,2191159.0
27110.0,0.0,220,2191159.0
27115.0,0.0,220,2191159.0
27120.0,0.0,220,2191159.0
27125.0,0.0,220,2191159.0
27130.0,0.0,220,2191159.0
27135.0,0.0,220,2191159.0
27140.0,0.0,220,2191159.0
27145.0,0.0,220,2191159.0
27150.0,0.0,220,2191159.0
27155.0,0.0,220,2191159.0
27160.0,0.0,220,2191159.0
27165.0,0.0,220,2191159.0
27170.0,0.0,220,2191159.0
27175.0,0.0,220,2191159.0
27180.0,0.0,220,2191159.0
27185.0,0.0,220,2191159.0
27190.0,0.0,220,2191159.0
27195.0,0.0,220,2191159.0
27200.0,0.0,220,2191159.0
27205.0,0.0,220,2191159.0
27210.0,0.0,220,2191159.0
27215.0,0.0,220,2191159.0
27220.0,0.0,220,2191159.0
27225.0,0.0,220,2191159.0
27230.0,0.0,220,2191159.0
27235.0,0.0,220,2191159.0
27240.0,0.0,220,2191159.0
27245.0,0.0,220,2191159.0
27250.0,0.0,220,2191159.0
27255.0,0.0,220,2191159.0
27260.0,0.0,220,2191159.0
27265.0,0.0,220,2191159.0
27270.0,0.0,220,2191159.0
27275.0,0.0,220,2191159.0
27280.0,0.0,220,2191159.0
27285.0,0.0,220,2191159.0
27290.0,0.0,220,2191159.0
27295.0,0.0,220,2191159.0
27300.0,0.0,220,2191159.0
27305.0,0.0,220,2191159.0
27310.0,0.0,220,2191159.0
27315.0,0.0,220,2191159.0
27320.0,0.0,220,2191159.0
27325.0,0.0,220,2191159.0
27330.0,0.0,220,2191159.0
27335.0,0.0,220,2191159.0
27340.0,0.0,220,2191159.0
27345.0,0.0,220,2191159.0
27350.0,0.0,220,2191159.0
27355.0,0.0,220,2191159.0
27360.0,0.0,220,2191159.0
27365.0,0.0,220,2191159.0
27370.0,0.0,220,2191159.0
27375.0,0.0,220,2191159.0
27380.0,0.0,220,2191159.0
27385.0,0.0,220,2191159.0
27390.0,0.0,220,2191159.0
27395.0,0.0,220,2191159.0
27400.0,0.0,220,2191159.0
27405.0,0.0,220,2191159.0
27410.0,0.0,220,2191159.0
27415.0,0.0,220,2191159.0
27420.0,0.0,220,2191159.0
27425.0,0.0,220,2191159.0
27430.0,0.0,220,2191159.0
27435.0,0.0,220,2191159.0
27440.0,0.0,220,2191159.0
27445.0,0.0,220,2191159.0
27450.0,0.0,220,2191159.0
27455.0,0.0,220,2191159.0
27460.0,0.0,220,2191159.0
27465.0,0.0,220,2191159.0
27470.0,0.0,220,2191159.0
27475.0,0.0,220,2191159.0
27480.0,0.0,220,2191159.0
27485.0,0.0,220,2191159.0
27490.0,0.0,220,2191159.0
27495.0,0.0,220,2191159.0
27500.0,0.0,220,2191159.0
27505.0,0.0,220,2191159.0
27510.0,0.0,220,2191159.0
27515.0,0.0,220,2191159.0
27520.0,0.0,220,2191159.0
27525.0,0.0,220,2191159.0
27530.0,0.0,220,2191159.0
27535.0,0.0,220,2191159.0
27540.0,0.0,220,2191159.0
27545.0,0.0,220,2191159.0
27550.0,0.0,220,2191159.0
27555.0,0.0,220,2191159.0
27560.0,0.0,220,2191159.0
27565.0,0.0,220,2191159.0
27570.0,0.0,220,2191159.0
27575.0,0.0,220,2191159.0
27580.0,0.0,220,2191159.0
27585.0,0.0,220,2191159.0
27590.0,0.0,220,2191159.0
27595.0,0.0,220,2191159.0
27600.0,0.0,220,2191159.0
27605.0,0.0,220,2191159.0
27610.0,0.0,220,2191159.0
27615.0,0.0,220,2191159.0
27620.0,0.0,220,2191159.0
27625.0,0.0,220,2191159.0
27630.0,0.0,220,2191159.0
27635.0,0.0,220,2191159.0
27640.0,0.0,220,2191159.0
27645.0,0.0,220,2191159.0
27650.0,0.0,220,2191159.0
27655.0,0.0,220,2191159.0
27660.0,0.0,220,2191159.0
27665.0,0.0,220,2191159.0
27670.0,0.0,220,2191159.0
27675.0,0.0,220,2191159.0
27680.0,0.0,220,2191159.0
27685.0,0.0,220,2191159.0
27690.0,0.0,220,2191159.0
27695.0,0.0,220,2191159.0
27700.0,0.0,220,2191159.0
27705.0,0.0,220,2191159.0
27710.0,0.0,220,2191159.0
27715.0,0.0,220,2191159.0
27720.0,0.0,220,2191159.0
27725.0,0.0,220,2191159.0
27730.0,0.0,220,2191159.0
27735.0,0.0,220,2191159.0
27740.0,0.0,220,2191159.0
27745.0,0.0,220,2191159.0
27750.0,0.0,220,2191159.0
27755.0,0.0,220,2191159.0
27760.0,0.0,220,2191159.0
27765.0,0.0,220,2191159.0
27770.0,0.0,220,2191159.0
27775.0,0.0,220,2191159.0
27780.0,0.0,220,2191159.0
27785.0,0.0,220,2191159.0
27790.0,0.0,220,2191159.0
27795.0,0.0,220,2191159.0
27800.0,0.0,220,2191159.0
27805.0,0.0,220,2191159.0
27810.0,0.0,220,2191159.0
27815.0,0.0,220,2191159.0
27820.0,0.0,220,2191159.0
27825.0,0.0,220,2191159.0
27830.0,0.0,220,2191159.0
27835.0,0.0,220,2191159.0
27840.0,0.0,220,2191159.0
27845.0,0.0,220,2191159.0
27850.0,0.0,220,2191159.0
27855.0,0.0,220,2191159.0
27860.0,0.0,220,2191159.0
27865.0,0.0,220,2191159.0
27870.0,0.0,220,2191159.0
27875.0,0.0,220,2191159.0
27880.0,0.0,220,2191159.0
27885.0,0.0,220,2191159.0
27890.0,0.0,220,2191159.0
27895.0,0.0,220,2191159.0
27900.0,0.0,220,2191159.0
27905.0,0.0,220,2191159.0
27910.0,0.0,220,2191159.0
27915.0,0.0,220,2191159.0
27920.0,0.0,220,2191159.0
27925.0,0.0,220,2191159.0
27930.0,0.0,220,2191159.0
27935.0,0.0,220,2191159.0
27940.0,0.0,220,2191159.0
27945.0,0.0,220,2191159.0
27950.0,0.0,220,2191159.0
27955.0,0.0,220,2191159.0
27960.0,0.0,220,2191159.0
27965.0,0.0,220,2191159.0
27970.0,0.0,220,2191159.0
27975.0,0.0,220,2191159.0
27980.0,0.0,220,2191159.0
27985.0,0.0,220,2191159.0
27990.0,0.0,220,2191159.0
27995.0,0.0,220,2191159.0
28000.0,0.0,220,2191159.0
28005.0,0.0,220,2191159.0
28010.0,0.0,220,2191159.0
28015.0,0.0,220,2191159.0
28020.0,0.0,220,2191159.0
28025.0,0.0,220,2191159.0
28030.0,0.0,220,2191159.0
28035.0,0.0,220,2191159.0
28040.0,0.0,220,2191159.0
28045.0,0.0,220,2191159.0
28050.0,0.0,220,2191159.0
28055.0,0.0,220,2191159.0
28060.0,0.0,220,2191159.0
28065.0,0.0,220,2191159.0
28070.0,0.0,220,2191159.0
28075.0,0.0,220,2191159.0
28080.0,0.0,220,2191159.0
28085.0,0.0,220,2191159.0
28090.0,0.0,220,2191159.0
28095.0,0.0,220,2191159.0
28100.0,0.0,220,2191159.0
28105.0,0.0,220,2191159.0
28110.0,0.0,220,2191159.0
28115.0,0.0,220,2191159.0
28120.0,0.0,220,2191159.0
28125.0,0.0,220,2191159.0
28130.0,0.0,220,2191159.0
28135.0,0.0,220,2191159.0
28140.0,0.0,220,2191159.0
28145.0,0.0,220,2191159.0
28150.0,0.0,220,2191159.0
28155.0,0.0,220,2191159.0
28160.0,0.0,220,2191159.0
28165.0,0.0,220,2191159.0
28170.0,0.0,220,2191159.0
28175.0,0.0,220,2191159.0
28180.0,0.0,220,2191159.0
28185.0,0.0,220,2191159.0
28190.0,0.0,220,2191159.0
28195.0,0.0,220,2191159.0
28200.0,0.0,220,2191159.0
28205.0,0.0,220,2191159.0
28210.0,0.0,220,2191159.0
28215.0,0.0,220,2191159.0
28220.0,0.0,220,2191159.0
28225.0,0.0,220,2191159.0
28230.0,0.0,220,2191159.0
28235.0,0.0,220,2191159.0
28240.0,0.0,220,2191159.0
28245.0,0.0,220,2191159.0
28250.0,0.0,220,2191159.0
28255.0,0.0,220,2191159.0
28260.0,0.0,220,2191159.0
28265.0,0.0,220,2191159.0
28270.0,0.0,220,2191159.0
28275.0,0.0,220,2191159.0
28280.0,0.0,220,2191159.0
28285.0,0.0,220,2191159.0
28290.0,0.0,220,2191159.0
28295.0,0.0,220,2191159.0
28300.0,0.0,220,2191159.0
28305.0,0.0,220,2191159.0
28310.0,0.0,220,2191159.0
28315.0,0.0,220,2191159.0
28320.0,0.0,220,2191159.0
28325.0,0.0,220,2191159.0
28330.0,0.0,220,2191159.0
28335.0,0.0,220,2191159.0
28340.0,0.0,220,2191159.0
28345.0,0.0,220,2191159.0
28350.0,0.0,220,2191159.0
28355.0,0.0,220,2191159.0
28360.0,0.0,220,2191159.0
28365.0,0.0,220,2191159.0
28370.0,0.0,220,2191159.0
28375.0,0.0,220,2191159.0
28380.0,0.0,220,2191159.0
28385.0,0.0,220,2191159.0
28390.0,0.0,220,2191159.0
28395.0,0.0,220,2191159.0
28400.0,0.0,220,2191159.0
28405.0,0.0,220,2191159.0
28410.0,0.0,220,2191159.0
28415.0,0.0,220,2191159.0
28420.0,0.0,220,2191159.0
28425.0,0.0,220,2191159.0
28430.0,0.0,220,2191159.0
28435.0,0.0,220,2191159.0
28440.0,0.0,220,2191159.0
28445.0,0.0,220,2191159.0
28450.0,0.0,220,2191159.0
28455.0,0.0,220,2191159.0
28460.0,0.0,220,2191159.0
28465.0,0.0,220,2191159.0
28470.0,0.0,220,2191159.0
28475.0,0.0,220,2191159.0
28480.0,0.0,220,2191159.0
28485.0,0.0,220,2191159.0
28490.0,0.0,220,2191159.0
28495.0,0.0,220,2191159.0
28500.0,0.0,220,2191159.0
28505.0,0.0,220,2191159.0
28510.0,0.0,220,2191159.0
28515.0,0.0,220,2191159.0
28520.0,0.0,203,2131130.0
28525.0,400.0999999999999,178,1980996.0
28530.0,400.1199999999999,155,1760837.0
28535.0,599.9200000000001,132,1570556.0
28540.0,599.7500000000002,124,1420102.0
28545.0,1.2699999999999818,140,1399511.0
28550.0,1.0499999999999545,179,1399062.0
28555.0,0.5299999999999727,208,1398906.0
28560.0,0.0,226,1398916.0
28565.0,-0.14000000000010004,232,1398971.0
28570.0,-0.16999999999984539,235,1399043.0
28575.0,-0.2400000000000091,233,1399159.0
28580.0,-0.2599999999999909,197,1269355.0
28585.0,-0.3100000000001728,176,1139457.0
28590.0,-0.3100000000001728,145,931281.0
28595.0,399.0300000000002,137,681545.0
28600.0,498.90999999999985,121,532298.0
28605.0,498.74000000000007,126,392829.0
28610.0,399.01,124,333069.0
28615.0,0.44999999999999973,118,332759.0
28620.0,0.0900000000000003,152,332341.0
28625.0,-0.18999999999999995,198,331968.0
28630.0,-0.5500000000000003,233,331946.0
28635.0,-0.6000000000000001,251,332144.0
28640.0,-0.6399999999999997,253,332485.0
28645.0,-0.6399999999999997,198,234264.0
28650.0,1.6099999999999999,148,96879.0
28655.0,-0.1499999999999999,126,47179.0
28660.0,1.15,116,9103.0
28665.0,0.78,138,-332.0
28670.0,0.78,148,329.0
28675.0,0.06999999999999995,135,265.0
28680.0,-0.039999999999999925,135,-83.0
28685.0,-0.22000000000000008,150,-584.0
28690.0,-0.36,189,-859.0
28695.0,-0.41999999999999993,203,-693.0
28700.0,-0.45999999999999996,212,-410.0
28705.0,-0.5,217,-31.0
28710.0,-0.5500000000000003,219,462.0
28715.0,-0.5999999999999996,223,996.0
28720.0,-0.6400000000000001,227,1556.0
28725.0,-0.6699999999999999,230,2135.0
28730.0,-0.7300000000000004,234,2730.0
28735.0,-0.7699999999999996,237,3344.0
28740.0,-0.8100000000000005,240,3977.0
28745.0,-0.8600000000000003,244,4627.0
28750.0,-0.8999999999999986,248,5294.0
28755.0,-0.9500000000000011,252,5979.0
28760.0,-0.9900000000000002,255,6680.0
28765.0,-1.0399999999999991,259,7399.0
28770.0,-1.0700000000000003,262,8136.0
28775.0,-1.1199999999999992,265,8891.0
28780.0,-1.1600000000000001,268,9664.0
28785.0,-1.209999999999999,272,10453.0
28790.0,-1.25,276,11259.0
28795.0,-1.3000000000000007,280,12081.0
28800.0,-1.3300000000000018,284,12922.0
28805.0,-1.379999999999999,287,13782.0
28810.0,-1.4400000000000013,289,14658.0
28815.0,-1.4599999999999973,292,15552.0
28820.0,-1.5100000000000016,296,16464.0
28825.0,-1.5500000000000007,300,17393.0
28830.0,-1.5899999999999999,304,18338.0
28835.0,-1.6400000000000006,308,19302.0
28840.0,-1.6999999999999993,310,20283.0
28845.0,-1.740000000000002,315,21281.0
28850.0,-1.779999999999994,317,22296.0
28855.0,-1.8100000000000023,321,23331.0
28860.0,-1.8700000000000045,324,24384.0
28865.0,-1.8999999999999986,327,25449.0
28870.0,-1.8999999999999986,329,26526.0
28875.0,-1.8999999999999986,331,27610.0
28880.0,-1.8999999999999986,332,28701.0
28885.0,-1.9000000000000057,332,29796.0
28890.0,-1.8999999999999986,333,30896.0
28895.0,-1.8999999999999986,333,31996.0
28900.0,-1.8999999999999986,333,33096.0
28905.0,-1.8999999999999986,333,34196.0
28910.0,-1.9000000000000057,333,35296.0
28915.0,-1.8999999999999986,333,36396.0
28920.0,-1.8999999999999986,333,37496.0
28925.0,-1.9000000000000057,333,38596.0
28930.0,-1.8999999999999915,333,39696.0
28935.0,-1.9000000000000057,333,40796.0
28940.0,-1.8999999999999915,333,41896.0
28945.0,-1.9000000000000057,333,42996.0
28950.0,-1.9000000000000057,333,44096.0
28955.0,-1.8999999999999915,333,45196.0
28960.0,-1.9000000000000057,333,46296.0
28965.0,-1.8999999999999915,333,47396.0
28970.0,-1.9000000000000057,333,48496.0
28975.0,-1.9000000000000057,333,49596.0
28980.0,-1.8999999999999915,333,50696.0
28985.0,-1.9000000000000057,333,51796.0
28990.0,-1.8999999999999915,333,52896.0
28995.0,-1.9000000000000057,333,53996.0
29000.0,-1.9000000000000057,333,55096.0
29005.0,-1.8999999999999915,333,56196.0
29010.0,-1.9000000000000057,333,57296.0
29015.0,-1.8999999999999915,333,58396.0
29020.0,-1.9000000000000057,333,59496.0
29025.0,-1.9000000000000057,333,60596.0
29030.0,-1.8999999999999915,333,61696.0
29035.0,-1.9000000000000057,333,62796.0
29040.0,-1.8999999999999915,333,63896.0
29045.0,-1.9000000000000057,333,64996.0
29050.0,-1.9000000000000057,333,66096.0
29055.0,-1.8999999999999915,333,67196.0
29060.0,-1.9000000000000057,333,68296.0
29065.0,-1.8999999999999915,333,69396.0
29070.0,-1.9000000000000057,333,70496.0
29075.0,-1.9000000000000057,333,71596.0
29080.0,-1.8999999999999915,333,72696.0
29085.0,-1.9000000000000057,333,73796.0
29090.0,-1.8999999999999915,333,74896.0
29095.0,-1.8999999999999915,333,75996.0
29100.0,-1.9000000000000057,333,77096.0
29105.0,-1.9000000000000057,333,78196.0
29110.0,-1.9000000000000057,333,79296.0
29115.0,-1.9000000000000057,333,80396.0
29120.0,-1.8999999999999773,333,81496.0
29125.0,-1.9000000000000057,333,82596.0
29130.0,-1.9000000000000057,333,83696.0
29135.0,-1.9000000000000057,333,84796.0
29140.0,-1.9000000000000057,333,85896.0
29145.0,-1.8999999999999773,333,86996.0
29150.0,-1.9000000000000057,333,88096.0
29155.0,-1.9000000000000057,333,89196.0
29160.0,-1.9000000000000057,333,90296.0
29165.0,-1.9000000000000057,333,91396.0
29170.0,-1.8999999999999773,333,92496.0
29175.0,-1.9000000000000057,333,93596.0
29180.0,-1.9000000000000057,333,94696.0
29185.0,-1.9000000000000057,333,95796.0
29190.0,-1.9000000000000057,333,96896.0
29195.0,-1.8999999999999773,333,97996.0
29200.0,-1.9000000000000057,333,99096.0
29205.0,-1.9000000000000057,333,100196.0
29210.0,-1.9000000000000057,333,101296.0
29215.0,-1.9000000000000057,333,102396.0
29220.0,-1.8999999999999773,333,103496.0
29225.0,-1.9000000000000057,333,104596.0
29230.0,-1.9000000000000057,333,105696.0
29235.0,-1.9000000000000057,333,106796.0
29240.0,-1.9000000000000057,333,107896.0
29245.0,-1.8999999999999773,333,108996.0
29250.0,-1.9000000000000057,333,110096.0
29255.0,-1.9000000000000057,333,111196.0
29260.0,-1.9000000000000057,333,112296.0
29265.0,-1.9000000000000057,333,113396.0
29270.0,-1.8999999999999773,333,114496.0
29275.0,-1.9000000000000057,333,115596.0
29280.0,-1.9000000000000057,333,116696.0
29285.0,-1.9000000000000057,333,117796.0
29290.0,-1.9000000000000057,333,118896.0
29295.0,-1.8999999999999773,333,119996.0
29300.0,-1.9000000000000057,333,121096.0
29305.0,-1.9000000000000057,333,122196.0
29310.0,-1.9000000000000057,333,123296.0
29315.0,-1.9000000000000057,333,124396.0
29320.0,-1.8999999999999773,333,125496.0
29325.0,-1.9000000000000057,333,126596.0
29330.0,-1.9000000000000057,333,127696.0
29335.0,-1.9000000000000057,333,128796.0
29340.0,-1.9000000000000057,333,129896.0
29345.0,-1.8999999999999773,333,130996.0
29350.0,-1.9000000000000057,333,132096.0
29355.0,-1.9000000000000057,333,133196.0
29360.0,-1.9000000000000057,333,134296.0
29365.0,-1.9000000000000057,333,135396.0
29370.0,-1.8999999999999773,333,136496.0
29375.0,-1.9000000000000057,333,137596.0
29380.0,-1.9000000000000057,333,138696.0
29385.0,-1.9000000000000057,333,139796.0
29390.0,-1.9000000000000057,333,140896.0
29395.0,-1.8999999999999773,333,141996.0
29400.0,-1.9000000000000057,333,143096.0
29405.0,-1.9000000000000057,333,144196.0
29410.0,-1.9000000000000057,333,145296.0
29415.0,-1.9000000000000057,333,146396.0
29420.0,-1.8999999999999773,333,147496.0
29425.0,-1.9000000000000057,333,148596.0
29430.0,-1.9000000000000057,333,149696.0
29435.0,-1.8999999999999773,333,150796.0
29440.0,-1.900000000000034,333,151896.0
29445.0,-1.8999999999999773,333,152996.0
29450.0,-1.900000000000034,333,154096.0
29455.0,-1.8999999999999773,333,155196.0
29460.0,-1.8999999999999773,333,156296.0
29465.0,-1.900000000000034,333,157396.0
29470.0,-1.8999999999999773,333,158496.0
29475.0,-1.900000000000034,333,159596.0
29480.0,-1.8999999999999773,333,160696.0
29485.0,-1.8999999999999773,333,161796.0
29490.0,-1.900000000000034,333,162896.0
29495.0,-1.8999999999999773,333,163996.0
29500.0,-1.900000000000034,333,165096.0
29505.0,-1.8999999999999773,333,166196.0
29510.0,-1.8999999999999773,333,167296.0
29515.0,-1.900000000000034,333,168396.0
29520.0,-1.8999999999999773,333,169496.0
29525.0,-1.900000000000034,333,170596.0
29530.0,-1.8999999999999773,333,171696.0
29535.0,-1.8999999999999773,333,172796.0
29540.0,-1.900000000000034,333,173896.0
29545.0,-1.8999999999999773,333,174996.0
29550.0,-1.900000000000034,333,176096.0
29555.0,-1.8999999999999773,333,177196.0
29560.0,-1.8999999999999773,333,178296.0
29565.0,-1.900000000000034,333,179396.0
29570.0,-1.8999999999999773,333,180496.0
29575.0,-1.900000000000034,333,181596.0
29580.0,-1.8999999999999773,333,182696.0
29585.0,-1.8999999999999773,333,183796.0
29590.0,-1.900000000000034,333,184896.0
29595.0,-1.8999999999999773,333,185996.0
29600.0,-1.900000000000034,333,187096.0
29605.0,-1.8999999999999773,333,188196.0
29610.0,-1.8999999999999773,333,189296.0
29615.0,-1.900000000000034,333,190396.0
29620.0,-1.8999999999999773,333,191496.0
29625.0,-1.900000000000034,333,192596.0
29630.0,-1.8999999999999773,333,193696.0
29635.0,-1.8999999999999773,333,194796.0
29640.0,-1.900000000000034,333,195896.0
29645.0,-1.8999999999999773,333,196996.0
29650.0,-1.900000000000034,333,198096.0
29655.0,-1.8999999999999773,333,199196.0
29660.0,-1.8999999999999773,333,200296.0
29665.0,-1.900000000000034,333,201396.0
29670.0,-1.8999999999999773,333,202496.0
29675.0,-1.900000000000034,333,203596.0
29680.0,-1.8999999999999773,333,204696.0
29685.0,-1.8999999999999773,333,205796.0
29690.0,-1.900000000000034,333,206896.0
29695.0,-1.8999999999999773,333,207996.0
29700.0,-1.900000000000034,333,209096.0
29705.0,-1.8999999999999773,333,210196.0
29710.0,-1.8999999999999773,333,211296.0
29715.0,-1.900000000000034,333,212396.0
29720.0,-1.8999999999999773,333,213496.0
29725.0,-1.900000000000034,333,214596.0
29730.0,-1.8999999999999773,333,215696.0
29735.0,-1.8999999999999773,333,216796.0
29740.0,-1.900000000000034,333,217896.0
29745.0,-1.8999999999999773,333,218996.0
29750.0,-1.900000000000034,333,220096.0
29755.0,-1.8999999999999773,333,221196.0
29760.0,-1.8999999999999773,333,222296.0
29765.0,-1.900000000000034,333,223396.0
29770.0,-1.8999999999999773,333,224496.0
29775.0,-1.900000000000034,333,225596.0
29780.0,-1.8999999999999773,333,226696.0
29785.0,-1.8999999999999773,333,227796.0
29790.0,-1.900000000000034,333,228896.0
29795.0,-1.8999999999999773,333,229996.0
29800.0,-1.900000000000034,333,231096.0
29805.0,-1.8999999999999773,333,232196.0
29810.0,-1.8999999999999773,333,233296.0
29815.0,-1.900000000000034,333,234396.0
29820.0,-1.8999999999999773,333,235496.0
29825.0,-1.900000000000034,333,236596.0
29830.0,-1.8999999999999773,333,237696.0
29835.0,-1.8999999999999773,333,238796.0
29840.0,-1.900000000000034,333,239896.0
29845.0,-1.8999999999999773,333,240996.0
29850.0,-1.900000000000034,333,242096.0
29855.0,-1.8999999999999773,333,243196.0
29860.0,-1.8999999999999773,333,244296.0
29865.0,-1.900000000000034,333,245396.0
29870.0,-1.8999999999999773,333,246496.0
29875.0,-1.900000000000034,333,247596.0
29880.0,-1.8999999999999773,333,248696.0
29885.0,-1.8999999999999773,333,249796.0
29890.0,-1.900000000000034,333,250896.0
29895.0,-1.8999999999999773,333,251996.0
29900.0,-1.900000000000034,333,253096.0
29905.0,-1.8999999999999773,333,254196.0
29910.0,-1.8999999999999773,333,255296.0
29915.0,-1.900000000000034,333,256396.0
29920.0,-1.8999999999999773,333,257496.0
29925.0,-1.900000000000034,333,258596.0
29930.0,-1.8999999999999773,333,259696.0
29935.0,-1.8999999999999773,333,260796.0
29940.0,-1.900000000000034,333,261896.0
29945.0,-1.8999999999999773,333,262996.0
29950.0,-1.900000000000034,333,264096.0
29955.0,-1.8999999999999773,333,265196.0
29960.0,-1.8999999999999773,333,266296.0
29965.0,-1.900000000000034,333,267396.0
29970.0,-1.8999999999999773,333,268496.0
29975.0,-1.900000000000034,333,269596.0
29980.0,-1.8999999999999773,333,270696.0
29985.0,-1.8999999999999773,333,271796.0
29990.0,-1.900000000000034,333,272896.0
29995.0,-1.8999999999999773,333,273996.0
30000.0,-1.900000000000034,333,275096.0
30005.0,-1.8999999999999773,333,276196.0
30010.0,-1.8999999999999773,333,277296.0
30015.0,-1.900000000000034,333,278396.0
30020.0,-1.8999999999999773,333,279496.0
30025.0,-1.900000000000034,333,280596.0
30030.0,-1.8999999999999773,333,281696.0
30035.0,-1.8999999999999773,333,282796.0
30040.0,-1.900000000000034,333,283896.0
30045.0,-1.8999999999999773,333,284996.0
30050.0,-1.900000000000034,333,286096.0
30055.0,-1.8999999999999773,333,287196.0
30060.0,-1.8999999999999773,333,288296.0
30065.0,-1.900000000000034,333,289396.0
30070.0,-1.8999999999999773,333,290496.0
30075.0,-1.900000000000034,333,291596.0
30080.0,-1.8999999999999773,333,292696.0
30085.0,-1.8999999999999773,333,293796.0
30090.0,-1.900000000000034,333,294896.0
30095.0,-1.8999999999999773,333,295996.0
30100.0,-1.900000000000034,333,297096.0
30105.0,-1.900000000000034,333,298196.0
30110.0,-1.8999999999999773,333,299296.0
30115.0,-1.8999999999999773,333,300396.0
30120.0,-1.8999999999999773,333,301496.0
30125.0,-1.8999999999999773,333,302596.0
30130.0,-1.900000000000091,333,303696.0
30135.0,-1.8999999999999773,333,304796.0
30140.0,-1.8999999999999773,333,305896.0
30145.0,-1.8999999999999773,333,306996.0
30150.0,-1.8999999999999773,333,308096.0
30155.0,-1.900000000000091,333,309196.0
30160.0,-1.8999999999999773,333,310296.0
30165.0,-1.8999999999999773,333,311396.0
30170.0,-1.8999999999999773,333,312496.0
30175.0,-1.8999999999999773,333,313596.0
30180.0,-1.900000000000091,333,314696.0
30185.0,-1.8999999999999773,333,315796.0
30190.0,-1.8999999999999773,333,316896.0
30195.0,-1.8999999999999773,333,317996.0
30200.0,-1.8999999999999773,333,319096.0
30205.0,-1.900000000000091,333,320196.0
30210.0,-1.8999999999999773,333,321296.0
30215.0,-1.8999999999999773,333,322396.0
30220.0,-1.8999999999999773,333,323496.0
30225.0,-1.8999999999999773,333,324596.0
30230.0,-1.900000000000091,333,325696.0
30235.0,-1.8999999999999773,333,326796.0
30240.0,-1.8999999999999773,333,327896.0
30245.0,-1.8999999999999773,333,328996.0
30250.0,-1.8999999999999773,333,330096.0
30255.0,-1.900000000000091,333,331196.0
30260.0,-1.8999999999999773,333,332296.0
30265.0,-1.8999999999999773,333,333396.0
30270.0,-1.8999999999999773,333,334496.0
30275.0,-1.8999999999999773,333,335596.0
30280.0,-1.900000000000091,333,336696.0
30285.0,-1.8999999999999773,333,337796.0
30290.0,-1.8999999999999773,333,338896.0
30295.0,-1.8999999999999773,333,339996.0
30300.0,-1.8999999999999773,333,341096.0
30305.0,-1.900000000000091,333,342196.0
30310.0,-1.8999999999999773,333,343296.0
30315.0,-1.8999999999999773,333,344396.0
30320.0,-1.8999999999999773,333,345496.0
30325.0,-1.8999999999999773,333,346596.0
30330.0,-1.900000000000091,333,347696.0
30335.0,-1.8999999999999773,333,348796.0
30340.0,-1.8999999999999773,333,349896.0
30345.0,-1.8999999999999773,333,350996.0
30350.0,-1.8999999999999773,333,352096.0
30355.0,-1.900000000000091,333,353196.0
30360.0,-1.8999999999999773,333,354296.0
30365.0,-1.8999999999999773,333,355396.0
30370.0,-1.8999999999999773,333,356496.0
30375.0,-1.8999999999999773,333,357596.0
30380.0,-1.900000000000091,333,358696.0
30385.0,-1.8999999999999773,333,359796.0
30390.0,-1.8999999999999773,333,360896.0
30395.0,-1.8999999999999773,333,361996.0
30400.0,-1.8999999999999773,333,363096.0
30405.0,-1.900000000000091,333,364196.0
30410.0,-1.8999999999999773,333,365296.0
30415.0,-1.8999999999999773,333,366396.0
30420.0,-1.8999999999999773,333,367496.0
30425.0,-1.8999999999999773,333,368596.0
30430.0,-1.900000000000091,333,369696.0
30435.0,-1.8999999999999773,333,370796.0
30440.0,-1.8999999999999773,333,371896.0
30445.0,-1.8999999999999773,333,372996.0
30450.0,-1.8999999999999773,333,374096.0
30455.0,-1.900000000000091,333,375196.0
30460.0,-1.8999999999999773,333,376296.0
30465.0,-1.8999999999999773,333,377396.0
30470.0,-1.8999999999999773,333,378496.0
30475.0,-1.8999999999999773,333,379596.0
30480.0,-1.900000000000091,333,380696.0
30485.0,-1.8999999999999773,333,381796.0
30490.0,-1.8999999999999773,333,382896.0
30495.0,-1.8999999999999773,333,383996.0
30500.0,-1.8999999999999773,333,385096.0
30505.0,-1.900000000000091,333,386196.0
30510.0,-1.8999999999999773,333,387296.0
30515.0,-1.8999999999999773,333,388396.0
30520.0,-1.8999999999999773,333,389496.0
30525.0,-1.8999999999999773,333,390596.0
30530.0,-1.900000000000091,333,391696.0
30535.0,-1.8999999999999773,333,392796.0
30540.0,-1.8999999999999773,333,393896.0
30545.0,-1.8999999999999773,333,394996.0
30550.0,-1.8999999999999773,333,396096.0
30555.0,-1.900000000000091,333,397196.0
30560.0,-1.8999999999999773,333,398296.0
30565.0,-1.8999999999999773,333,399396.0
30570.0,-1.8999999999999773,333,400496.0
30575.0,-1.8999999999999773,333,401596.0
30580.0,-1.900000000000091,333,402696.0
30585.0,-1.8999999999999773,333,403796.0
30590.0,-1.8999999999999773,333,404896.0
30595.0,-1.8999999999999773,333,405996.0
30600.0,-1.8999999999999773,333,407096.0
30605.0,-1.900000000000091,333,408196.0
30610.0,-1.8999999999999773,333,409296.0
30615.0,-1.8999999999999773,333,410396.0
30620.0,-1.8999999999999773,333,411496.0
30625.0,-1.8999999999999773,333,412596.0
30630.0,-1.900000000000091,333,413696.0
30635.0,-1.8999999999999773,333,414796.0
30640.0,-1.8999999999999773,333,415896.0
30645.0,-1.8999999999999773,333,416996.0
30650.0,-1.8999999999999773,333,418096.0
30655.0,-1.900000000000091,333,419196.0
30660.0,-1.8999999999999773,333,420296.0
30665.0,-1.8999999999999773,333,421396.0
30670.0,-1.8999999999999773,333,422496.0
30675.0,-1.8999999999999773,333,423596.0
30680.0,-1.900000000000091,333,424696.0
30685.0,-1.8999999999999773,333,425796.0
30690.0,-1.8999999999999773,333,426896.0
30695.0,-1.8999999999999773,333,427996.0
30700.0,-1.8999999999999773,333,429096.0
30705.0,-1.900000000000091,333,430196.0
30710.0,-1.8999999999999773,333,431296.0
30715.0,-1.8999999999999773,333,432396.0
30720.0,-1.8999999999999773,333,433496.0
30725.0,-1.8999999999999773,333,434596.0
30730.0,-1.900000000000091,333,435696.0
30735.0,-1.8999999999999773,333,436796.0
30740.0,-1.8999999999999773,333,437896.0
30745.0,-1.8999999999999773,333,438996.0
30750.0,-1.8999999999999773,333,440096.0
30755.0,-1.900000000000091,333,441196.0
30760.0,-1.8999999999999773,333,442296.0
30765.0,-1.8999999999999773,333,443396.0
30770.0,-1.8999999999999773,333,444496.0
30775.0,-1.8999999999999773,333,445596.0
30780.0,-1.900000000000091,333,446696.0
30785.0,-1.8999999999999773,333,447796.0
30790.0,-1.8999999999999773,333,448896.0
30795.0,-1.8999999999999773,333,449996.0
30800.0,-1.8999999999999773,333,451096.0
30805.0,-1.900000000000091,333,452196.0
30810.0,-1.8999999999999773,333,453296.0
30815.0,-1.8999999999999773,333,454396.0
30820.0,-1.8999999999999773,333,455496.0
30825.0,-1.8999999999999773,333,456596.0
30830.0,-1.900000000000091,333,457696.0
30835.0,-1.8999999999999773,333,458796.0
30840.0,-1.8999999999999773,333,459896.0
30845.0,-1.8999999999999773,333,460996.0
30850.0,-1.8999999999999773,333,462096.0
30855.0,-1.900000000000091,333,463196.0
30860.0,-1.8999999999999773,333,464296.0
30865.0,-1.8999999999999773,333,465396.0
30870.0,-1.8999999999999773,333,466496.0
30875.0,-1.8999999999999773,333,467596.0
30880.0,-1.900000000000091,333,468696.0
30885.0,-1.8999999999999773,333,469796.0
30890.0,-1.8999999999999773,333,470896.0
30895.0,-1.8999999999999773,333,471996.0
30900.0,-1.8999999999999773,333,473096.0
30905.0,-1.900000000000091,333,474196.0
30910.0,-1.8999999999999773,333,475296.0
30915.0,-1.8999999999999773,333,476396.0
30920.0,-1.8999999999999773,333,477496.0
30925.0,-1.8999999999999773,333,478596.0
30930.0,-1.900000000000091,333,479696.0
30935.0,-1.8999999999999773,333,480796.0
30940.0,-1.8999999999999773,333,481896.0
30945.0,-1.8999999999999773,333,482996.0
30950.0,-1.8999999999999773,333,484096.0
30955.0,-1.900000000000091,333,485196.0
30960.0,-1.8999999999999773,333,486296.0
30965.0,-1.8999999999999773,333,487396.0
30970.0,-1.8999999999999773,333,488496.0
30975.0,-1.8999999999999773,333,489596.0
30980.0,-1.900000000000091,333,490696.0
30985.0,-1.8999999999999773,333,491796.0
30990.0,-1.8999999999999773,333,492896.0
30995.0,-1.8999999999999773,333,493996.0
31000.0,-1.8999999999999773,333,495096.0
31005.0,-1.900000000000091,333,496196.0
31010.0,-1.8999999999999773,333,497296.0
31015.0,-1.8999999999999773,333,498396.0
31020.0,-1.8999999999999773,333,499496.0
31025.0,-1.8999999999999773,333,500596.0
31030.0,-1.900000000000091,333,501696.0
31035.0,-1.8999999999999773,333,502796.0
31040.0,-1.8999999999999773,333,503896.0
31045.0,-1.8999999999999773,333,504996.0
31050.0,-1.8999999999999773,333,506096.0
31055.0,-1.900000000000091,333,507196.0
31060.0,-1.8999999999999773,333,508296.0
31065.0,-1.8999999999999773,333,509396.0
31070.0,-1.8999999999999773,333,510496.0
31075.0,-1.8999999999999773,333,511596.0
31080.0,-1.900000000000091,333,512696.0
31085.0,-1.8999999999999773,333,513796.0
31090.0,-1.8999999999999773,333,514896.0
31095.0,-1.8999999999999773,333,515996.0
31100.0,-1.8999999999999773,333,517096.0
31105.0,-1.900000000000091,333,518196.0
31110.0,-1.8999999999999773,333,519296.0
31115.0,-1.8999999999999773,333,520396.0
31120.0,-1.8999999999999773,333,521496.0
31125.0,-1.8999999999999773,333,522596.0
31130.0,-1.900000000000091,333,523696.0
31135.0,-1.8999999999999773,333,524796.0
31140.0,-1.8999999999999773,333,525896.0
31145.0,-1.8999999999999773,333,526996.0
31150.0,-1.8999999999999773,333,528096.0
31155.0,-1.900000000000091,333,529196.0
31160.0,-1.8999999999999773,333,530296.0
31165.0,-1.8999999999999773,333,531396.0
31170.0,-1.8999999999999773,333,532496.0
31175.0,-1.8999999999999773,333,533596.0
31180.0,-1.900000000000091,333,534696.0
31185.0,-1.8999999999999773,333,535796.0
31190.0,-1.8999999999999773,333,536896.0
31195.0,-1.8999999999999773,333,537996.0
31200.0,-1.8999999999999773,333,539096.0
31205.0,-1.900000000000091,333,540196.0
31210.0,-1.8999999999999773,333,541296.0
31215.0,-1.8999999999999773,333,542396.0
31220.0,-1.8999999999999773,333,543496.0
31225.0,-1.8999999999999773,333,544596.0
31230.0,-1.900000000000091,333,545696.0
31235.0,-1.8999999999999773,333,546796.0
31240.0,-1.8999999999999773,333,547896.0
31245.0,-1.8999999999999773,333,548996.0
31250.0,-1.8999999999999773,333,550096.0
31255.0,-1.900000000000091,333,551196.0
31260.0,-1.8999999999999773,333,552296.0
31265.0,-1.8999999999999773,333,553396.0
31270.0,-1.8999999999999773,333,554496.0
31275.0,-1.8999999999999773,333,555596.0
31280.0,-1.900000000000091,333,556696.0
31285.0,-1.8999999999999773,333,557796.0
31290.0,-1.8999999999999773,333,558896.0
31295.0,-1.8999999999999773,333,559996.0
31300.0,-1.8999999999999773,333,561096.0
31305.0,-1.900000000000091,333,562196.0
31310.0,-1.8999999999999773,333,563296.0
31315.0,-1.8999999999999773,333,564396.0
31320.0,-1.8999999999999773,333,565496.0
31325.0,-1.8999999999999773,333,566596.0
31330.0,-1.900000000000091,333,567696.0
31335.0,-1.8999999999999773,333,568796.0
31340.0,-1.8999999999999773,333,569896.0
31345.0,-1.8999999999999773,333,570996.0
31350.0,-1.8999999999999773,333,572096.0
31355.0,-1.900000000000091,333,573196.0
31360.0,-1.8999999999999773,333,574296.0
31365.0,-1.8999999999999773,333,575396.0
31370.0,-1.8999999999999773,333,576496.0
31375.0,-1.8999999999999773,333,577596.0
31380.0,-1.900000000000091,333,578696.0
31385.0,-1.8999999999999773,333,579796.0
31390.0,-1.8999999999999773,333,580896.0
31395.0,-1.8999999999999773,333,581996.0
31400.0,-1.8999999999999773,333,583096.0
31405.0,-1.900000000000091,333,584196.0
31410.0,-1.8999999999999773,333,585296.0
31415.0,-1.8999999999999773,333,586396.0
31420.0,-1.8999999999999773,333,587496.0
31425.0,-1.8999999999999773,333,588596.0
31430.0,-1.900000000000091,333,589696.0
31435.0,-1.8999999999999773,333,590796.0
31440.0,-1.8999999999999773,333,591896.0
31445.0,-1.8999999999999773,333,592996.0
31450.0,-1.8999999999999773,333,594096.0
31455.0,-1.900000000000091,333,595196.0
31460.0,-1.8999999999998636,333,596296.0
31465.0,-1.900000000000091,333,597396.0
31470.0,-1.900000000000091,333,598496.0
31475.0,-1.8999999999998636,333,599596.0
31480.0,-1.900000000000091,333,600696.0
31485.0,-1.8999999999998636,333,601796.0
31490.0,-1.900000000000091,333,602896.0
31495.0,-1.900000000000091,333,603996.0
31500.0,-1.8999999999998636,333,605096.0
31505.0,-1.900000000000091,333,606196.0
31510.0,-1.8999999999998636,333,607296.0
31515.0,-1.900000000000091,333,608396.0
31520.0,-1.900000000000091,333,609496.0
31525.0,-1.8999999999998636,333,610596.0
31530.0,-1.900000000000091,333,611696.0
31535.0,-1.8999999999998636,333,612796.0
31540.0,-1.900000000000091,333,613896.0
31545.0,-1.900000000000091,333,614996.0
31550.0,-1.8999999999998636,333,616096.0
31555.0,-1.900000000000091,333,617196.0
31560.0,-1.8999999999998636,333,618296.0
31565.0,-1.900000000000091,333,619396.0
31570.0,-1.900000000000091,333,620496.0
31575.0,-1.8999999999998636,333,621596.0
31580.0,-1.900000000000091,333,622696.0
31585.0,-1.8999999999998636,333,623796.0
31590.0,-1.900000000000091,333,624896.0
31595.0,-1.900000000000091,333,625996.0
31600.0,-1.8999999999998636,333,627096.0
31605.0,-1.900000000000091,333,628196.0
31610.0,-1.8999999999998636,333,629296.0
31615.0,-1.900000000000091,333,630396.0
31620.0,-1.900000000000091,333,631496.0
31625.0,-1.8999999999998636,333,632596.0
31630.0,-1.900000000000091,333,633696.0
31635.0,-1.8999999999998636,333,634796.0
31640.0,-1.900000000000091,333,635896.0
31645.0,-1.900000000000091,333,636996.0
31650.0,-1.8999999999998636,333,638096.0
31655.0,-1.900000000000091,333,639196.0
31660.0,-1.8999999999998636,333,640296.0
31665.0,-1.900000000000091,333,641396.0
31670.0,-1.900000000000091,333,642496.0
31675.0,-1.8999999999998636,333,643596.0
31680.0,-1.900000000000091,333,644696.0
31685.0,-1.8999999999998636,333,645796.0
31690.0,-1.900000000000091,333,646896.0
31695.0,-1.900000000000091,333,647996.0
31700.0,-1.8999999999998636,333,649096.0
31705.0,-1.900000000000091,333,650196.0
31710.0,-1.8999999999998636,333,651296.0
31715.0,-1.900000000000091,333,652396.0
31720.0,-1.900000000000091,333,653496.0
31725.0,-1.8999999999998636,333,654596.0
31730.0,-1.900000000000091,333,655696.0
31735.0,-1.8999999999998636,333,656796.0
31740.0,-1.900000000000091,333,657896.0
31745.0,-1.900000000000091,333,658996.0
31750.0,-1.8999999999998636,333,660096.0
31755.0,-1.900000000000091,333,661196.0
31760.0,-1.8999999999998636,333,662296.0
31765.0,-1.900000000000091,333,663396.0
31770.0,-1.900000000000091,333,664496.0
31775.0,-1.8999999999998636,333,665596.0
31780.0,-1.900000000000091,333,666696.0
31785.0,-1.8999999999998636,333,667796.0
31790.0,-1.900000000000091,333,668896.0
31795.0,-1.900000000000091,333,669996.0
31800.0,-1.8999999999998636,333,671096.0
31805.0,-1.900000000000091,333,672196.0
31810.0,-1.8999999999998636,333,673296.0
31815.0,-1.900000000000091,333,674396.0
31820.0,-1.900000000000091,333,675496.0
31825.0,-1.8999999999998636,333,676596.0
31830.0,-1.900000000000091,333,677696.0
31835.0,-1.8999999999998636,333,678796.0
31840.0,-1.900000000000091,333,679896.0
31845.0,-1.900000000000091,333,680996.0
31850.0,-1.8999999999998636,333,682096.0
31855.0,-1.900000000000091,333,683196.0
31860.0,-1.8999999999998636,333,684296.0
31865.0,-1.900000000000091,333,685396.0
31870.0,-1.900000000000091,333,686496.0
31875.0,-1.8999999999998636,333,687596.0
31880.0,-1.900000000000091,333,688696.0
31885.0,-1.8999999999998636,333,689796.0
31890.0,-1.900000000000091,333,690896.0
31895.0,-1.900000000000091,333,691996.0
31900.0,-1.8999999999998636,333,693096.0
31905.0,-1.900000000000091,333,694196.0
31910.0,-1.8999999999998636,333,695296.0
31915.0,-1.900000000000091,333,696396.0
31920.0,-1.900000000000091,333,697496.0
31925.0,-1.8999999999998636,333,698596.0
31930.0,-1.900000000000091,333,699696.0
31935.0,-1.8999999999998636,333,700796.0
31940.0,-1.900000000000091,333,701896.0
31945.0,-1.900000000000091,333,702996.0
31950.0,-1.8999999999998636,333,704096.0
31955.0,-1.900000000000091,333,705196.0
31960.0,-1.8999999999998636,333,706296.0
31965.0,-1.900000000000091,333,707396.0
31970.0,-1.900000000000091,333,708496.0
31975.0,-1.8999999999998636,333,709596.0
31980.0,-1.900000000000091,333,710696.0
31985.0,-1.8999999999998636,333,711796.0
31990.0,-1.900000000000091,333,712896.0
31995.0,-1.900000000000091,333,713996.0
32000.0,-1.8999999999998636,333,715096.0
32005.0,-1.900000000000091,333,716196.0
32010.0,-1.8999999999998636,333,717296.0
32015.0,-1.900000000000091,333,718396.0
32020.0,-1.900000000000091,333,719496.0
32025.0,-1.8999999999998636,333,720596.0
32030.0,-1.900000000000091,333,721696.0
32035.0,-1.8999999999998636,333,722796.0
32040.0,-1.900000000000091,333,723896.0
32045.0,-1.900000000000091,333,724996.0
32050.0,-1.8999999999998636,333,726096.0
32055.0,-1.900000000000091,333,727196.0
32060.0,-1.8999999999998636,333,728296.0
32065.0,-1.900000000000091,333,729396.0
32070.0,-1.900000000000091,333,730496.0
32075.0,-1.8999999999998636,333,731596.0
32080.0,-1.900000000000091,333,732696.0
32085.0,-1.8999999999998636,333,733796.0
32090.0,-1.900000000000091,333,734896.0
32095.0,-1.900000000000091,333,735996.0
32100.0,-1.8999999999998636,333,737096.0
32105.0,-1.900000000000091,333,738196.0
32110.0,-1.8999999999998636,333,739296.0
32115.0,-1.900000000000091,333,740396.0
32120.0,-1.900000000000091,333,741496.0
32125.0,-1.8999999999998636,333,742596.0
32130.0,-1.900000000000091,333,743696.0
32135.0,-1.8999999999998636,333,744796.0
32140.0,-1.900000000000091,333,745896.0
32145.0,-1.900000000000091,333,746996.0
32150.0,-1.8999999999998636,333,748096.0
32155.0,-1.900000000000091,333,749196.0
32160.0,-1.8999999999998636,333,750296.0
32165.0,-1.900000000000091,333,751396.0
32170.0,-1.900000000000091,333,752496.0
32175.0,-1.8999999999998636,333,753596.0
32180.0,-1.900000000000091,333,754696.0
32185.0,-1.8999999999998636,333,755796.0
32190.0,-1.900000000000091,333,756896.0
32195.0,-1.900000000000091,333,757996.0
32200.0,-1.8999999999998636,333,759096.0
32205.0,-1.900000000000091,333,760196.0
32210.0,-1.8999999999998636,333,761296.0
32215.0,-1.900000000000091,333,762396.0
32220.0,-1.900000000000091,333,763496.0
32225.0,-1.8999999999998636,333,764596.0
32230.0,-1.900000000000091,333,765696.0
32235.0,-1.8999999999998636,333,766796.0
32240.0,-1.900000000000091,333,767896.0
32245.0,-1.900000000000091,333,768996.0
32250.0,-1.8999999999998636,333,770096.0
32255.0,-1.900000000000091,333,771196.0
32260.0,-1.8999999999998636,333,772296.0
32265.0,-1.900000000000091,333,773396.0
32270.0,-1.900000000000091,333,774496.0
32275.0,-1.8999999999998636,333,775596.0
32280.0,-1.900000000000091,333,776696.0
32285.0,-1.8999999999998636,333,777796.0
32290.0,-1.900000000000091,333,778896.0
32295.0,-1.900000000000091,333,779996.0
32300.0,-1.8999999999998636,333,781096.0
32305.0,-1.900000000000091,333,782196.0
32310.0,-1.8999999999998636,333,783296.0
32315.0,-1.900000000000091,333,784396.0
32320.0,-1.900000000000091,333,785496.0
32325.0,-1.8999999999998636,333,786596.0
32330.0,-1.900000000000091,333,787696.0
32335.0,-1.8999999999998636,333,788796.0
32340.0,-1.900000000000091,333,789896.0
32345.0,-1.900000000000091,333,790996.0
32350.0,-1.8999999999998636,333,792096.0
32355.0,-1.900000000000091,333,793196.0
32360.0,-1.8999999999998636,333,794296.0
32365.0,-1.900000000000091,333,795396.0
32370.0,-1.900000000000091,333,796496.0
32375.0,-1.8999999999998636,333,797596.0
32380.0,-1.900000000000091,333,798696.0
32385.0,-1.8999999999998636,333,799796.0
32390.0,-1.900000000000091,333,800896.0
32395.0,-1.900000000000091,333,801996.0
32400.0,-1.8999999999998636,333,803096.0
32405.0,-1.900000000000091,333,804196.0
32410.0,-1.8999999999998636,333,805296.0
32415.0,-1.900000000000091,333,806396.0
32420.0,-1.900000000000091,333,807496.0
32425.0,-1.8999999999998636,333,808596.0
32430.0,-1.900000000000091,333,809696.0
32435.0,-1.8999999999998636,333,810796.0
32440.0,-1.900000000000091,333,811896.0
32445.0,-1.900000000000091,333,812996.0
32450.0,-1.8999999999998636,333,814096.0
32455.0,-1.900000000000091,333,815196.0
32460.0,-1.8999999999998636,333,816296.0
32465.0,-1.900000000000091,333,817396.0
32470.0,-1.900000000000091,333,818496.0
32475.0,-1.8999999999998636,333,819596.0
32480.0,-1.900000000000091,333,820696.0
32485.0,-1.8999999999998636,333,821796.0
32490.0,-1.900000000000091,333,822896.0
32495.0,-1.900000000000091,333,823996.0
32500.0,-1.8999999999998636,333,825096.0
32505.0,-1.900000000000091,333,826196.0
32510.0,-1.8999999999998636,333,827296.0
32515.0,-1.900000000000091,333,828396.0
32520.0,-1.900000000000091,333,829496.0
32525.0,-1.8999999999998636,333,830596.0
32530.0,-1.900000000000091,333,831696.0
32535.0,-1.8999999999998636,333,832796.0
32540.0,-1.900000000000091,333,833896.0
32545.0,-1.900000000000091,333,834996.0
32550.0,-1.8999999999998636,333,836096.0
32555.0,-1.900000000000091,333,837196.0
32560.0,-1.8999999999998636,333,838296.0
32565.0,-1.900000000000091,333,839396.0
32570.0,-1.900000000000091,333,840496.0
32575.0,-1.8999999999998636,333,841596.0
32580.0,-1.900000000000091,333,842696.0
32585.0,-1.8999999999998636,333,843796.0
32590.0,-1.900000000000091,333,844896.0
32595.0,-1.900000000000091,333,845996.0
32600.0,-1.8999999999998636,333,847096.0
32605.0,-1.900000000000091,333,848196.0
32610.0,-1.8999999999998636,333,849296.0
32615.0,-1.900000000000091,333,850396.0
32620.0,-1.900000000000091,333,851496.0
32625.0,-1.8999999999998636,333,852596.0
32630.0,-1.900000000000091,333,853696.0
32635.0,-1.8999999999998636,333,854796.0
32640.0,-1.900000000000091,333,855896.0
32645.0,-1.900000000000091,333,856996.0
32650.0,-1.8999999999998636,333,858096.0
32655.0,-1.900000000000091,333,859196.0
32660.0,-1.8999999999998636,333,860296.0
32665.0,-1.900000000000091,333,861396.0
32670.0,-1.900000000000091,333,862496.0
32675.0,-1.8999999999998636,333,863596.0
32680.0,-1.900000000000091,333,864696.0
32685.0,-1.8999999999998636,333,865796.0
32690.0,-1.900000000000091,333,866896.0
32695.0,-1.900000000000091,333,867996.0
32700.0,-1.8999999999998636,333,869096.0
32705.0,-1.900000000000091,333,870196.0
32710.0,-1.8999999999998636,333,871296.0
32715.0,-1.900000000000091,333,872396.0
32720.0,-1.900000000000091,333,873496.0
32725.0,-1.8999999999998636,333,874596.0
32730.0,-1.900000000000091,333,875696.0
32735.0,-1.8999999999998636,333,876796.0
32740.0,-1.900000000000091,333,877896.0
32745.0,-1.900000000000091,333,878996.0
32750.0,-1.8999999999998636,333,880096.0
32755.0,-1.900000000000091,333,881196.0
32760.0,-1.8999999999998636,333,882296.0
32765.0,-1.900000000000091,333,883396.0
32770.0,-1.900000000000091,333,884496.0
32775.0,-1.8999999999998636,333,885596.0
32780.0,-1.900000000000091,333,886696.0
32785.0,-1.8999999999998636,333,887796.0
32790.0,-1.900000000000091,333,888896.0
32795.0,-1.900000000000091,333,889996.0
32800.0,-1.8999999999998636,333,891096.0
32805.0,-1.900000000000091,333,892196.0
32810.0,-1.8999999999998636,333,893296.0
32815.0,-1.900000000000091,333,894396.0
32820.0,-1.900000000000091,333,895496.0
32825.0,-1.8999999999998636,333,896596.0
32830.0,-1.900000000000091,333,897696.0
32835.0,-1.8999999999998636,333,898796.0
32840.0,-1.900000000000091,333,899896.0
32845.0,-1.900000000000091,333,900996.0
32850.0,-1.8999999999998636,333,902096.0
32855.0,-1.900000000000091,333,903196.0
32860.0,-1.8999999999998636,333,904296.0
32865.0,-1.900000000000091,333,905396.0
32870.0,-1.900000000000091,333,906496.0
32875.0,-1.8999999999998636,333,907596.0
32880.0,-1.900000000000091,333,908696.0
32885.0,-1.8999999999998636,333,909796.0
32890.0,-1.900000000000091,333,910896.0
32895.0,-1.900000000000091,333,911996.0
32900.0,-1.8999999999998636,333,913096.0
32905.0,-1.900000000000091,333,914196.0
32910.0,-1.8999999999998636,333,915296.0
32915.0,-1.900000000000091,333,916396.0
32920.0,-1.900000000000091,333,917496.0
32925.0,-1.8999999999998636,333,918596.0
32930.0,-1.900000000000091,333,919696.0
32935.0,-1.8999999999998636,333,920796.0
32940.0,-1.900000000000091,333,921896.0
32945.0,-1.900000000000091,333,922996.0
32950.0,-1.8999999999998636,333,924096.0
32955.0,-1.900000000000091,333,925196.0
32960.0,-1.8999999999998636,333,926296.0
32965.0,-1.900000000000091,333,927396.0
32970.0,-1.900000000000091,333,928496.0
32975.0,-1.8999999999998636,333,929596.0
32980.0,-1.900000000000091,333,930696.0
32985.0,-1.8999999999998636,333,931796.0
32990.0,-1.900000000000091,333,932896.0
32995.0,-1.900000000000091,333,933996.0
33000.0,-1.8999999999998636,333,935096.0
33005.0,-1.900000000000091,333,936196.0
33010.0,-1.8999999999998636,333,937296.0
33015.0,-1.900000000000091,333,938396.0
33020.0,-1.900000000000091,333,939496.0
33025.0,-1.8999999999998636,333,940596.0
33030.0,-1.900000000000091,333,941696.0
33035.0,-1.8999999999998636,333,942796.0
33040.0,-1.900000000000091,333,943896.0
33045.0,-1.900000000000091,333,944996.0
33050.0,-1.8999999999998636,333,946096.0
33055.0,-1.900000000000091,333,947196.0
33060.0,-1.8999999999998636,333,948296.0
33065.0,-1.900000000000091,333,949396.0
33070.0,-1.900000000000091,333,950496.0
33075.0,-1.8999999999998636,333,951596.0
33080.0,-1.900000000000091,333,952696.0
33085.0,-1.8999999999998636,333,953796.0
33090.0,-1.900000000000091,333,954896.0
33095.0,-1.900000000000091,333,955996.0
33100.0,-1.8999999999998636,333,957096.0
33105.0,-1.900000000000091,333,958196.0
33110.0,-1.8999999999998636,333,959296.0
33115.0,-1.900000000000091,333,960396.0
33120.0,-1.900000000000091,333,961496.0
33125.0,-1.8999999999998636,333,962596.0
33130.0,-1.900000000000091,333,963696.0
33135.0,-1.8999999999998636,333,964796.0
33140.0,-1.900000000000091,333,965896.0
33145.0,-1.900000000000091,333,966996.0
33150.0,-1.8999999999998636,333,968096.0
33155.0,-1.900000000000091,333,969196.0
33160.0,-1.8999999999998636,333,970296.0
33165.0,-1.900000000000091,333,971396.0
33170.0,-1.900000000000091,333,972496.0
33175.0,-1.8999999999998636,333,973596.0
33180.0,-1.900000000000091,333,974696.0
33185.0,-1.8999999999998636,333,975796.0
33190.0,-1.900000000000091,333,976896.0
33195.0,-1.900000000000091,333,977996.0
33200.0,-1.8999999999998636,333,979096.0
33205.0,-1.900000000000091,333,980196.0
33210.0,-1.8999999999998636,333,981296.0
33215.0,-1.900000000000091,333,982396.0
33220.0,-1.900000000000091,333,983496.0
33225.0,-1.8999999999998636,333,984596.0
33230.0,-1.900000000000091,333,985696.0
33235.0,-1.8999999999998636,333,986796.0
33240.0,-1.900000000000091,333,987896.0
33245.0,-1.900000000000091,333,988996.0
33250.0,-1.8999999999998636,333,990096.0
33255.0,-1.900000000000091,333,991196.0
33260.0,-1.8999999999998636,333,992296.0
33265.0,-1.900000000000091,333,993396.0
33270.0,-1.900000000000091,333,994496.0
33275.0,-1.8999999999998636,333,995596.0
33280.0,-1.900000000000091,333,996696.0
33285.0,-1.8999999999998636,333,997796.0
33290.0,-1.900000000000091,333,998896.0
33295.0,-1.900000000000091,333,999996.0
33300.0,-1.8999999999998636,333,1001096.0
33305.0,-1.900000000000091,333,1002196.0
33310.0,-1.8999999999998636,333,1003296.0
33315.0,-1.900000000000091,333,1004396.0
33320.0,-1.900000000000091,333,1005496.0
33325.0,-1.8999999999998636,333,1006596.0
33330.0,-1.900000000000091,333,1007696.0
33335.0,-1.8999999999998636,333,1008796.0
33340.0,-1.900000000000091,333,1009896.0
33345.0,-1.900000000000091,333,1010996.0
33350.0,-1.8999999999998636,333,1012096.0
33355.0,-1.900000000000091,333,1013196.0
33360.0,-1.8999999999998636,333,1014296.0
33365.0,-1.900000000000091,333,1015396.0
33370.0,-1.900000000000091,333,1016496.0
33375.0,-1.8999999999998636,333,1017596.0
33380.0,-1.900000000000091,333,1018696.0
33385.0,-1.8999999999998636,333,1019796.0
33390.0,-1.900000000000091,333,1020896.0
33395.0,-1.900000000000091,333,1021996.0
33400.0,-1.8999999999998636,333,1023096.0
33405.0,-1.900000000000091,333,1024196.0
33410.0,-1.8999999999998636,333,1025296.0
33415.0,-1.900000000000091,333,1026396.0
33420.0,-1.900000000000091,333,1027496.0
33425.0,-1.8999999999998636,333,1028596.0
33430.0,-1.900000000000091,333,1029696.0
33435.0,-1.8999999999998636,333,1030796.0
33440.0,-1.900000000000091,333,1031896.0
33445.0,-1.900000000000091,333,1032996.0
33450.0,-1.8999999999998636,333,1034096.0
33455.0,-1.900000000000091,333,1035196.0
33460.0,-1.8999999999998636,333,1036296.0
33465.0,-1.900000000000091,333,1037396.0
33470.0,-1.900000000000091,333,1038496.0
33475.0,-1.8999999999998636,333,1039596.0
33480.0,-1.900000000000091,333,1040696.0
33485.0,-1.8999999999998636,333,1041796.0
33490.0,-1.900000000000091,333,1042896.0
33495.0,-1.900000000000091,333,1043996.0
33500.0,-1.8999999999998636,333,1045096.0
33505.0,-1.900000000000091,333,1046196.0
33510.0,-1.8999999999998636,333,1047296.0
33515.0,-1.900000000000091,333,1048396.0
33520.0,-1.900000000000091,333,1049496.0
33525.0,-1.8999999999998636,333,1050596.0
33530.0,-1.900000000000091,333,1051696.0
33535.0,-1.8999999999998636,333,1052796.0
33540.0,-1.900000000000091,333,1053896.0
33545.0,-1.900000000000091,333,1054996.0
33550.0,-1.8999999999998636,333,1056096.0
33555.0,-1.900000000000091,333,1057196.0
33560.0,-1.8999999999998636,333,1058296.0
33565.0,-1.900000000000091,333,1059396.0
33570.0,-1.900000000000091,333,1060496.0
33575.0,-1.8999999999998636,333,1061596.0
33580.0,-1.900000000000091,333,1062696.0
33585.0,-1.8999999999998636,333,1063796.0
33590.0,-1.900000000000091,333,1064896.0
33595.0,-1.900000000000091,333,1065996.0
33600.0,-1.8999999999998636,333,1067096.0
33605.0,-1.900000000000091,333,1068196.0
33610.0,-1.8999999999998636,333,1069296.0
33615.0,-1.900000000000091,333,1070396.0
33620.0,-1.900000000000091,333,1071496.0
33625.0,-1.8999999999998636,333,1072596.0
33630.0,-1.900000000000091,333,1073696.0
33635.0,-1.8999999999998636,333,1074796.0
33640.0,-1.900000000000091,333,1075896.0
33645.0,-1.900000000000091,333,1076996.0
33650.0,-1.8999999999998636,333,1078096.0
33655.0,-1.900000000000091,333,1079196.0
33660.0,-1.8999999999998636,333,1080296.0
33665.0,-1.900000000000091,333,1081396.0
33670.0,-1.900000000000091,333,1082496.0
33675.0,-1.8999999999998636,333,1083596.0
33680.0,-1.900000000000091,333,1084696.0
33685.0,-1.8999999999998636,333,1085796.0
33690.0,-1.900000000000091,333,1086896.0
33695.0,-1.900000000000091,333,1087996.0
33700.0,-1.8999999999998636,333,1089096.0
33705.0,-1.900000000000091,333,1090196.0
33710.0,-1.8999999999998636,333,1091296.0
33715.0,-1.900000000000091,333,1092396.0
33720.0,-1.900000000000091,333,1093496.0
33725.0,-1.8999999999998636,333,1094596.0
33730.0,-1.900000000000091,333,1095696.0
33735.0,-1.8999999999998636,333,1096796.0
33740.0,-1.900000000000091,333,1097896.0
33745.0,-1.900000000000091,333,1098996.0
33750.0,-1.8999999999998636,333,1100096.0
33755.0,-1.900000000000091,333,1101196.0
33760.0,-1.8999999999998636,333,1102296.0
33765.0,-1.900000000000091,333,1103396.0
33770.0,-1.900000000000091,333,1104496.0
33775.0,-1.8999999999998636,333,1105596.0
33780.0,-1.900000000000091,333,1106696.0
33785.0,-1.8999999999998636,333,1107796.0
33790.0,-1.900000000000091,333,1108896.0
33795.0,-1.900000000000091,333,1109996.0
33800.0,-1.8999999999998636,333,1111096.0
33805.0,-1.900000000000091,333,1112196.0
33810.0,-1.8999999999998636,333,1113296.0
33815.0,-1.900000000000091,333,1114396.0
33820.0,-1.900000000000091,333,1115496.0
33825.0,-1.8999999999998636,333,1116596.0
33830.0,-1.900000000000091,333,1117696.0
33835.0,-1.8999999999998636,333,1118796.0
33840.0,-1.900000000000091,333,1119896.0
33845.0,-1.900000000000091,333,1120996.0
33850.0,-1.8999999999998636,333,1122096.0
33855.0,-1.900000000000091,333,1123196.0
33860.0,-1.8999999999998636,333,1124296.0
33865.0,-1.900000000000091,333,1125396.0
33870.0,-1.900000000000091,333,1126496.0
33875.0,-1.8999999999998636,333,1127596.0
33880.0,-1.900000000000091,333,1128696.0
33885.0,-1.8999999999998636,333,1129796.0
33890.0,-1.900000000000091,333,1130896.0
33895.0,-1.900000000000091,333,1131996.0
33900.0,-1.8999999999998636,333,1133096.0
33905.0,-1.900000000000091,333,1134196.0
33910.0,-1.8999999999998636,333,1135296.0
33915.0,-1.900000000000091,333,1136396.0
33920.0,-1.900000000000091,333,1137496.0
33925.0,-1.8999999999998636,333,1138596.0
33930.0,-1.900000000000091,333,1139696.0
33935.0,-1.8999999999998636,333,1140796.0
33940.0,-1.900000000000091,333,1141896.0
33945.0,-1.900000000000091,333,1142996.0
33950.0,-1.8999999999998636,333,1144096.0
33955.0,-1.900000000000091,333,1145196.0
33960.0,-1.8999999999998636,333,1146296.0
33965.0,-1.900000000000091,333,1147396.0
33970.0,-1.900000000000091,333,1148496.0
33975.0,-1.8999999999998636,333,1149596.0
33980.0,-1.900000000000091,333,1150696.0
33985.0,-1.8999999999998636,333,1151796.0
33990.0,-1.900000000000091,333,1152896.0
33995.0,-1.900000000000091,333,1153996.0
34000.0,-1.8999999999998636,333,1155096.0
34005.0,-1.900000000000091,333,1156196.0
34010.0,-1.8999999999998636,333,1157296.0
34015.0,-1.900000000000091,333,1158396.0
34020.0,-1.900000000000091,333,1159496.0
34025.0,-1.8999999999998636,333,1160596.0
34030.0,-1.900000000000091,333,1161696.0
34035.0,-1.8999999999998636,333,1162796.0
34040.0,-1.900000000000091,333,1163896.0
34045.0,-1.900000000000091,333,1164996.0
34050.0,-1.8999999999998636,333,1166096.0
34055.0,-1.900000000000091,333,1167196.0
34060.0,-1.8999999999998636,333,1168296.0
34065.0,-1.900000000000091,333,1169396.0
34070.0,-1.900000000000091,333,1170496.0
34075.0,-1.8999999999998636,333,1171596.0
34080.0,-1.900000000000091,333,1172696.0
34085.0,-1.8999999999998636,333,1173796.0
34090.0,-1.900000000000091,333,1174896.0
34095.0,-1.900000000000091,333,1175996.0
34100.0,-1.8999999999998636,333,1177096.0
34105.0,-1.900000000000091,333,1178196.0
34110.0,-1.8999999999998636,333,1179296.0
34115.0,-1.900000000000091,333,1180396.0
34120.0,-1.900000000000091,333,1181496.0
34125.0,-1.8999999999998636,333,1182596.0
34130.0,-1.900000000000091,333,1183696.0
34135.0,-1.8999999999998636,333,1184796.0
34140.0,-1.900000000000091,333,1185896.0
34145.0,-1.8999999999998636,333,1186996.0
34150.0,-1.900000000000091,333,1188096.0
34155.0,-1.900000000000091,333,1189196.0
34160.0,-1.900000000000091,333,1190296.0
34165.0,-1.8999999999996362,333,1191396.0
34170.0,-1.900000000000091,333,1192496.0
34175.0,-1.900000000000091,333,1193596.0
34180.0,-1.900000000000091,333,1194696.0
34185.0,-1.900000000000091,333,1195796.0
34190.0,-1.8999999999996362,333,1196896.0
34195.0,-1.900000000000091,333,1197996.0
34200.0,-1.900000000000091,333,1199096.0
34205.0,-1.900000000000091,333,1200196.0
34210.0,-1.900000000000091,333,1201296.0
34215.0,-1.8999999999996362,333,1202396.0
34220.0,-1.900000000000091,333,1203496.0
34225.0,-1.900000000000091,333,1204596.0
34230.0,-1.900000000000091,333,1205696.0
34235.0,-1.900000000000091,333,1206796.0
34240.0,-1.8999999999996362,333,1207896.0
34245.0,-1.900000000000091,333,1208996.0
34250.0,-1.900000000000091,333,1210096.0
34255.0,-1.900000000000091,333,1211196.0
34260.0,-1.900000000000091,333,1212296.0
34265.0,-1.8999999999996362,333,1213396.0
34270.0,-1.900000000000091,333,1214496.0
34275.0,-1.900000000000091,333,1215596.0
34280.0,-1.900000000000091,333,1216696.0
34285.0,-1.900000000000091,333,1217796.0
34290.0,-1.8999999999996362,333,1218896.0
34295.0,-1.900000000000091,333,1219996.0
34300.0,-1.900000000000091,333,1221096.0
34305.0,-1.900000000000091,333,1222196.0
34310.0,-1.900000000000091,333,1223296.0
34315.0,-1.8999999999996362,333,1224396.0
34320.0,-1.900000000000091,333,1225496.0
34325.0,-1.900000000000091,333,1226596.0
34330.0,-1.900000000000091,333,1227696.0
34335.0,-1.900000000000091,333,1228796.0
34340.0,-1.8999999999996362,333,1229896.0
34345.0,-1.900000000000091,333,1230996.0
34350.0,-1.900000000000091,333,1232096.0
34355.0,-1.900000000000091,333,1233196.0
34360.0,-1.900000000000091,333,1234296.0
34365.0,-1.8999999999996362,333,1235396.0
34370.0,-1.900000000000091,333,1236496.0
34375.0,-1.900000000000091,333,1237596.0
34380.0,-1.900000000000091,333,1238696.0
34385.0,-1.900000000000091,333,1239796.0
34390.0,-1.8999999999996362,333,1240896.0
34395.0,-1.900000000000091,333,1241996.0
34400.0,-1.900000000000091,333,1243096.0
34405.0,-1.900000000000091,333,1244196.0
34410.0,-1.900000000000091,333,1245296.0
34415.0,-1.8999999999996362,333,1246396.0
34420.0,-1.900000000000091,333,1247496.0
34425.0,-1.900000000000091,333,1248596.0
34430.0,-1.900000000000091,333,1249696.0
34435.0,-1.900000000000091,333,1250796.0
34440.0,-1.8999999999996362,333,1251896.0
34445.0,-1.900000000000091,333,1252996.0
34450.0,-1.900000000000091,333,1254096.0
34455.0,-1.900000000000091,333,1255196.0
34460.0,-1.900000000000091,333,1256296.0
34465.0,-1.8999999999996362,333,1257396.0
34470.0,-1.900000000000091,333,1258496.0
34475.0,-1.900000000000091,333,1259596.0
34480.0,-1.900000000000091,333,1260696.0
34485.0,-1.900000000000091,333,1261796.0
34490.0,-1.8999999999996362,333,1262896.0
34495.0,-1.900000000000091,333,1263996.0
34500.0,-1.900000000000091,333,1265096.0
34505.0,-1.900000000000091,333,1266196.0
34510.0,-1.900000000000091,333,1267296.0
34515.0,-1.8999999999996362,333,1268396.0
34520.0,-1.900000000000091,333,1269496.0
34525.0,-1.900000000000091,333,1270596.0
34530.0,-1.900000000000091,333,1271696.0
34535.0,-1.900000000000091,333,1272796.0
34540.0,-1.8999999999996362,333,1273896.0
34545.0,-1.900000000000091,333,1274996.0
34550.0,-1.900000000000091,333,1276096.0
34555.0,-1.900000000000091,333,1277196.0
34560.0,-1.900000000000091,333,1278296.0
34565.0,-1.8999999999996362,333,1279396.0
34570.0,-1.900000000000091,333,1280496.0
34575.0,-1.900000000000091,333,1281596.0
34580.0,-1.900000000000091,333,1282696.0
34585.0,-1.900000000000091,333,1283796.0
34590.0,-1.8999999999996362,333,1284896.0
34595.0,-1.900000000000091,333,1285996.0
34600.0,-1.900000000000091,333,1287096.0
34605.0,-1.900000000000091,333,1288196.0
34610.0,-1.900000000000091,333,1289296.0
34615.0,-1.8999999999996362,333,1290396.0
34620.0,-1.900000000000091,333,1291496.0
34625.0,-1.900000000000091,333,1292596.0
34630.0,-1.900000000000091,333,1293696.0
34635.0,-1.900000000000091,333,1294796.0
34640.0,-1.8999999999996362,333,1295896.0
34645.0,-1.900000000000091,333,1296996.0
34650.0,-1.900000000000091,333,1298096.0
34655.0,-1.900000000000091,333,1299196.0
34660.0,-1.900000000000091,333,1300296.0
34665.0,-1.8999999999996362,333,1301396.0
34670.0,-1.900000000000091,333,1302496.0
34675.0,-1.900000000000091,333,1303596.0
34680.0,-1.900000000000091,333,1304696.0
34685.0,-1.900000000000091,333,1305796.0
34690.0,-1.8999999999996362,333,1306896.0
34695.0,-1.900000000000091,333,1307996.0
34700.0,-1.900000000000091,333,1309096.0
34705.0,-1.900000000000091,333,1310196.0
34710.0,-1.900000000000091,333,1311296.0
34715.0,-1.8999999999996362,333,1312396.0
34720.0,-1.900000000000091,333,1313496.0
34725.0,-1.900000000000091,333,1314596.0
34730.0,-1.900000000000091,333,1315696.0
34735.0,-1.900000000000091,333,1316796.0
34740.0,-1.8999999999996362,333,1317896.0
34745.0,-1.900000000000091,333,1318996.0
34750.0,-1.900000000000091,333,1320096.0
34755.0,-1.900000000000091,333,1321196.0
34760.0,-1.900000000000091,333,1322296.0
34765.0,-1.8999999999996362,333,1323396.0
34770.0,-1.900000000000091,333,1324496.0
34775.0,-1.900000000000091,333,1325596.0
34780.0,-1.900000000000091,333,1326696.0
34785.0,-1.900000000000091,333,1327796.0
34790.0,-1.8999999999996362,333,1328896.0
34795.0,-1.900000000000091,333,1329996.0
34800.0,-1.900000000000091,333,1331096.0
34805.0,-1.900000000000091,333,1332196.0
34810.0,-1.900000000000091,333,1333296.0
34815.0,-1.8999999999996362,333,1334396.0
34820.0,-1.900000000000091,333,1335496.0
34825.0,-1.900000000000091,333,1336596.0
34830.0,-1.900000000000091,333,1337696.0
34835.0,-1.900000000000091,333,1338796.0
34840.0,-1.8999999999996362,333,1339896.0
34845.0,-1.900000000000091,333,1340996.0
34850.0,-1.900000000000091,333,1342096.0
34855.0,-1.900000000000091,333,1343196.0
34860.0,-1.900000000000091,333,1344296.0
34865.0,-1.8999999999996362,333,1345396.0
34870.0,-1.900000000000091,333,1346496.0
34875.0,-1.900000000000091,333,1347596.0
34880.0,-1.900000000000091,333,1348696.0
34885.0,-1.900000000000091,333,1349796.0
34890.0,-1.8999999999996362,333,1350896.0
34895.0,-1.900000000000091,333,1351996.0
34900.0,-1.900000000000091,333,1353096.0
34905.0,-1.900000000000091,333,1354196.0
34910.0,-1.900000000000091,333,1355296.0
34915.0,-1.8999999999996362,333,1356396.0
34920.0,-1.900000000000091,333,1357496.0
34925.0,-1.900000000000091,333,1358596.0
34930.0,-1.900000000000091,333,1359696.0
34935.0,-1.900000000000091,333,1360796.0
34940.0,-1.8999999999996362,333,1361896.0
34945.0,-1.900000000000091,333,1362996.0
34950.0,-1.900000000000091,333,1364096.0
34955.0,-1.900000000000091,333,1365196.0
34960.0,-1.900000000000091,333,1366296.0
34965.0,-1.8999999999996362,333,1367396.0
34970.0,-1.900000000000091,333,1368496.0
34975.0,-1.900000000000091,333,1369596.0
34980.0,-1.900000000000091,333,1370696.0
34985.0,-1.900000000000091,333,1371796.0
34990.0,-1.8999999999996362,333,1372896.0
34995.0,-1.900000000000091,333,1373996.0
35000.0,-1.900000000000091,333,1375096.0
35005.0,-1.900000000000091,333,1376196.0
35010.0,-1.900000000000091,333,1377296.0
35015.0,-1.8999999999996362,333,1378396.0
35020.0,-1.900000000000091,333,1379496.0
35025.0,-1.900000000000091,333,1380596.0
35030.0,-1.900000000000091,333,1381696.0
35035.0,-1.900000000000091,333,1382796.0
35040.0,-1.8999999999996362,333,1383896.0
35045.0,-1.900000000000091,317,1333966.0
35050.0,252.80999999999995,287,1239409.0
35055.0,253.56999999999994,265,1119652.0
35060.0,379.76,249,1050790.0
35065.0,379.76,234,1051287.0
35070.0,-0.2999999999999545,258,1051881.0
35075.0,-0.15000000000009095,284,1052674.0
35080.0,-0.599999999999909,311,1053603.0
35085.0,-0.9700000000000273,333,1054671.0
35090.0,-1.2799999999999727,345,1055809.0
35095.0,-1.3800000000001091,352,1056994.0
35100.0,-1.4299999999998363,356,1058201.0
35105.0,-1.490000000000009,360,1059424.0
35110.0,-1.509999999999991,363,1060664.0
35115.0,-1.550000000000182,367,1061923.0
35120.0,-1.6199999999998909,369,1063199.0
35125.0,-1.650000000000091,373,1064495.0
35130.0,-1.7000000000000455,376,1065808.0
35135.0,-1.75,380,1067135.0
35140.0,-1.7799999999999727,383,1068481.0
35145.0,-1.8299999999999272,386,1069837.0
35150.0,-1.8799999999998818,386,1071202.0
35155.0,-1.900000000000091,386,1072567.0
35160.0,-1.900000000000091,386,1073932.0
35165.0,-1.8999999999998636,386,1075297.0
35170.0,-1.900000000000091,386,1076662.0
35175.0,-1.8999999999998636,358,1033077.0
35180.0,254.76999999999998,312,982727.0
35185.0,-1.509999999999991,275,957942.0
35190.0,-1.509999999999991,265,868432.0
35195.0,255.43999999999983,245,752824.0
35200.0,255.04000000000008,220,669642.0
35205.0,127.25999999999999,224,631209.0
35210.0,0.0,237,592727.0
35215.0,-0.38999999999998636,237,535127.0
35220.0,-0.8799999999999955,265,522870.0
35225.0,-1.240000000000009,299,523659.0
35230.0,-1.419999999999959,328,524688.0
35235.0,-1.4800000000000182,362,500345.0
35240.0,-1.4800000000000182,349,404975.0
35245.0,253.60999999999996,273,263336.0
35250.0,253.66000000000003,214,224249.0
35255.0,130.20999999999998,187,178390.0
35260.0,0.8200000000000003,174,100104.0
35265.0,-0.29999999999999893,179,41412.0
35270.0,4.059999999999999,160,8106.0
35275.0,4.059999999999999,120,7162.0
35280.0,-0.16000000000000014,129,6559.0
35285.0,-0.02999999999999936,175,6108.0
35290.0,3.67,190,5171.0
35295.0,3.67,170,4179.0
35300.0,-0.34999999999999964,155,3584.0
35305.0,-0.28000000000000025,161,3284.0
35310.0,2.3600000000000003,169,3243.0
35315.0,1.3299999999999996,180,3285.0
35320.0,0.7700000000000002,193,3766.0
35325.0,-0.5700000000000001,217,4472.0
35330.0,-0.45999999999999996,221,5318.0
35335.0,-0.45999999999999996,216,6127.0
35340.0,-0.6499999999999999,196,6465.0
35345.0,0.4099999999999997,169,6507.0
35350.0,0.6300000000000003,135,5561.0
35355.0,0.8699999999999999,133,5306.0
35360.0,0.06999999999999984,110,5410.0
35365.0,0.06999999999999984,125,5089.0
35370.0,0.1200000000000001,165,5451.0
35375.0,-0.33000000000000007,193,6164.0
35380.0,-0.8299999999999998,250,7211.0
35385.0,-1.13,285,8547.0
35390.0,-1.4600000000000004,299,10007.0
35395.0,-1.6499999999999995,301,11509.0
35400.0,-1.79,301,13014.0
35405.0,-1.8000000000000007,301,14519.0
35410.0,-1.799999999999999,301,16024.0
35415.0,-1.8000000000000007,301,17529.0
35420.0,-1.8000000000000007,301,19034.0
35425.0,-1.799999999999999,301,20539.0
35430.0,-1.8000000000000007,301,22044.0
35435.0,-1.8000000000000007,301,23549.0
35440.0,-1.7999999999999972,301,25054.0
35445.0,-1.8000000000000007,301,26559.0
35450.0,-1.8000000000000007,301,28064.0
35455.0,-1.8000000000000007,301,29569.0
35460.0,-1.8000000000000007,301,31074.0
35465.0,-1.7999999999999972,301,32579.0
35470.0,-1.8000000000000043,301,34084.0
35475.0,-1.7999999999999972,301,35589.0
35480.0,-1.7999999999999972,301,37094.0
35485.0,-1.8000000000000043,301,38599.0
35490.0,-1.7999999999999972,301,40104.0
35495.0,-1.8000000000000043,301,41609.0
35500.0,-1.7999999999999972,301,43114.0
35505.0,-1.7999999999999972,301,44619.0
35510.0,-1.8000000000000043,301,46124.0
35515.0,-1.7999999999999972,301,47629.0
35520.0,-1.8000000000000043,301,49134.0
35525.0,-1.7999999999999972,301,50639.0
35530.0,-1.7999999999999972,301,52144.0
35535.0,-1.8000000000000043,301,53649.0
35540.0,-1.7999999999999972,301,55154.0
35545.0,-1.8000000000000043,301,56659.0
35550.0,-1.7999999999999972,301,58164.0
35555.0,-1.8000000000000043,301,59669.0
35560.0,-1.7999999999999972,301,61174.0
35565.0,-1.7999999999999972,301,62679.0
35570.0,-1.7999999999999972,301,64184.0
35575.0,-1.8000000000000114,301,65689.0
35580.0,-1.7999999999999972,301,67194.0
35585.0,-1.7999999999999972,301,68699.0
35590.0,-1.7999999999999972,301,70204.0
35595.0,-1.7999999999999972,301,71709.0
35600.0,-1.8000000000000114,301,73214.0
35605.0,-1.7999999999999972,301,74719.0
35610.0,-1.7999999999999972,301,76224.0
35615.0,-1.7999999999999972,301,77729.0
35620.0,-1.7999999999999972,301,79234.0
35625.0,-1.8000000000000114,301,80739.0
35630.0,-1.7999999999999972,301,82244.0
35635.0,-1.7999999999999972,301,83749.0
35640.0,-1.7999999999999972,301,85254.0
35645.0,-1.7999999999999972,301,86759.0
35650.0,-1.8000000000000114,301,88264.0
35655.0,-1.7999999999999972,301,89769.0
35660.0,-1.7999999999999972,301,91274.0
35665.0,-1.7999999999999972,301,92779.0
35670.0,-1.7999999999999972,301,94284.0
35675.0,-1.8000000000000114,301,95789.0
35680.0,-1.7999999999999972,301,97294.0
35685.0,-1.7999999999999972,301,98799.0
35690.0,-1.7999999999999972,301,100304.0
35695.0,-1.7999999999999972,301,101809.0
35700.0,-1.8000000000000114,301,103314.0
35705.0,-1.7999999999999972,301,104819.0
35710.0,-1.7999999999999972,301,106324.0
35715.0,-1.7999999999999972,301,107829.0
35720.0,-1.7999999999999972,301,109334.0
35725.0,-1.8000000000000114,301,110839.0
35730.0,-1.7999999999999972,301,112344.0
35735.0,-1.7999999999999972,301,113849.0
35740.0,-1.8000000000000114,301,115354.0
35745.0,-1.799999999999983,301,116859.0
35750.0,-1.8000000000000114,301,118364.0
35755.0,-1.799999999999983,301,119869.0
35760.0,-1.8000000000000114,301,121374.0
35765.0,-1.8000000000000114,301,122879.0
35770.0,-1.799999999999983,301,124384.0
35775.0,-1.8000000000000114,301,125889.0
35780.0,-1.799999999999983,301,127394.0
35785.0,-1.8000000000000114,301,128899.0
35790.0,-1.8000000000000114,301,130404.0
35795.0,-1.799999999999983,301,131909.0
35800.0,-1.8000000000000114,301,133414.0
35805.0,-1.799999999999983,301,134919.0
35810.0,-1.8000000000000114,301,136424.0
35815.0,-1.8000000000000114,301,137929.0
35820.0,-1.799999999999983,301,139434.0
35825.0,-1.8000000000000114,301,140939.0
35830.0,-1.799999999999983,301,142444.0
35835.0,-1.8000000000000114,301,143949.0
35840.0,-1.8000000000000114,301,145454.0
35845.0,-1.799999999999983,301,146959.0
35850.0,-1.8000000000000114,301,148464.0
35855.0,-1.799999999999983,301,149969.0
35860.0,-1.8000000000000114,301,151474.0
35865.0,-1.8000000000000114,301,152979.0
35870.0,-1.799999999999983,301,154484.0
35875.0,-1.8000000000000114,301,155989.0
35880.0,-1.799999999999983,301,157494.0
35885.0,-1.8000000000000114,301,158999.0
35890.0,-1.8000000000000114,301,160504.0
35895.0,-1.799999999999983,301,162009.0
35900.0,-1.8000000000000114,301,163514.0
35905.0,-1.799999999999983,301,165019.0
35910.0,-1.8000000000000114,301,166524.0
35915.0,-1.8000000000000114,301,168029.0
35920.0,-1.799999999999983,301,169534.0
35925.0,-1.8000000000000114,301,171039.0
35930.0,-1.799999999999983,301,172544.0
35935.0,-1.8000000000000114,301,174049.0
35940.0,-1.8000000000000114,301,175554.0
35945.0,-1.799999999999983,301,177059.0
35950.0,-1.8000000000000114,301,178564.0
35955.0,-1.799999999999983,301,180069.0
35960.0,-1.8000000000000114,301,181574.0
35965.0,-1.8000000000000114,301,183079.0
35970.0,-1.799999999999983,301,184584.0
35975.0,-1.8000000000000114,301,186089.0
35980.0,-1.799999999999983,301,187594.0
35985.0,-1.8000000000000114,301,189099.0
35990.0,-1.8000000000000114,301,190604.0
35995.0,-1.799999999999983,301,192109.0
36000.0,-1.8000000000000114,301,193614.0
36005.0,-1.799999999999983,301,195119.0
36010.0,-1.8000000000000114,301,196624.0
36015.0,-1.8000000000000114,301,198129.0
36020.0,-1.799999999999983,301,199634.0
36025.0,-1.8000000000000114,301,201139.0
36030.0,-1.799999999999983,301,202644.0
36035.0,-1.8000000000000114,301,204149.0
36040.0,-1.8000000000000114,301,205654.0
36045.0,-1.799999999999983,301,207159.0
36050.0,-1.8000000000000114,301,208664.0
36055.0,-1.799999999999983,301,210169.0
36060.0,-1.8000000000000114,301,211674.0
36065.0,-1.8000000000000114,301,213179.0
36070.0,-1.799999999999983,301,214684.0
36075.0,-1.8000000000000114,301,216189.0
36080.0,-1.799999999999983,301,217694.0
36085.0,-1.8000000000000114,301,219199.0
36090.0,-1.799999999999983,301,220704.0
36095.0,-1.8000000000000114,301,222209.0
36100.0,-1.8000000000000114,301,223714.0
36105.0,-1.8000000000000114,301,225219.0
36110.0,-1.7999999999999545,301,226724.0
36115.0,-1.8000000000000114,301,228229.0
36120.0,-1.8000000000000114,301,229734.0
36125.0,-1.8000000000000114,301,231239.0
36130.0,-1.8000000000000114,301,232744.0
36135.0,-1.7999999999999545,301,234249.0
36140.0,-1.8000000000000114,301,235754.0
36145.0,-1.8000000000000114,301,237259.0
36150.0,-1.8000000000000114,301,238764.0
36155.0,-1.8000000000000114,301,240269.0
36160.0,-1.7999999999999545,301,241774.0
36165.0,-1.8000000000000114,301,243279.0
36170.0,-1.8000000000000114,301,244784.0
36175.0,-1.8000000000000114,301,246289.0
36180.0,-1.8000000000000114,301,247794.0
36185.0,-1.7999999999999545,301,249299.0
36190.0,-1.8000000000000114,301,250804.0
36195.0,-1.8000000000000114,301,252309.0
36200.0,-1.8000000000000114,301,253814.0
36205.0,-1.8000000000000114,301,255319.0
36210.0,-1.7999999999999545,301,256824.0
36215.0,-1.8000000000000114,301,258329.0
36220.0,-1.8000000000000114,301,259834.0
36225.0,-1.8000000000000114,301,261339.0
36230.0,-1.8000000000000114,301,262844.0
36235.0,-1.7999999999999545,301,264349.0
36240.0,-1.8000000000000114,301,265854.0
36245.0,-1.8000000000000114,301,267359.0
36250.0,-1.8000000000000114,301,268864.0
36255.0,-1.8000000000000114,301,270369.0
36260.0,-1.7999999999999545,301,271874.0
36265.0,-1.8000000000000114,301,273379.0
36270.0,-1.8000000000000114,301,274884.0
36275.0,-1.8000000000000114,301,276389.0
36280.0,-1.8000000000000114,301,277894.0
36285.0,-1.7999999999999545,301,279399.0
36290.0,-1.8000000000000114,301,280904.0
36295.0,-1.8000000000000114,301,282409.0
36300.0,-1.8000000000000114,301,283914.0
36305.0,-1.8000000000000114,301,285419.0
36310.0,-1.7999999999999545,301,286924.0
36315.0,-1.8000000000000114,301,288429.0
36320.0,-1.8000000000000114,301,289934.0
36325.0,-1.8000000000000114,301,291439.0
36330.0,-1.8000000000000114,301,292944.0
36335.0,-1.7999999999999545,301,294449.0
36340.0,-1.8000000000000114,301,295954.0
36345.0,-1.8000000000000114,301,297459.0
36350.0,-1.8000000000000114,301,298964.0
36355.0,-1.8000000000000114,301,300469.0
36360.0,-1.7999999999999545,301,301974.0
36365.0,-1.8000000000000114,301,303479.0
36370.0,-1.8000000000000114,301,304984.0
36375.0,-1.8000000000000114,301,306489.0
36380.0,-1.8000000000000114,301,307994.0
36385.0,-1.7999999999999545,301,309499.0
36390.0,-1.8000000000000114,301,311004.0
36395.0,-1.8000000000000114,301,312509.0
36400.0,-1.8000000000000114,301,314014.0
36405.0,-1.8000000000000114,301,315519.0
36410.0,-1.7999999999999545,301,317024.0
36415.0,-1.8000000000000114,301,318529.0
36420.0,-1.8000000000000114,301,320034.0
36425.0,-1.8000000000000114,301,321539.0
36430.0,-1.8000000000000114,301,323044.0
36435.0,-1.7999999999999545,301,324549.0
36440.0,-1.8000000000000114,301,326054.0
36445.0,-1.8000000000000114,301,327559.0
36450.0,-1.8000000000000114,301,329064.0
36455.0,-1.8000000000000114,301,330569.0
36460.0,-1.7999999999999545,301,332074.0
36465.0,-1.8000000000000114,301,333579.0
36470.0,-1.8000000000000114,301,335084.0
36475.0,-1.8000000000000114,301,336589.0
36480.0,-1.8000000000000114,301,338094.0
36485.0,-1.7999999999999545,301,339599.0
36490.0,-1.8000000000000114,301,341104.0
36495.0,-1.8000000000000114,301,342609.0
36500.0,-1.8000000000000114,301,344114.0
36505.0,-1.8000000000000114,301,345619.0
36510.0,-1.7999999999999545,301,347124.0
36515.0,-1.8000000000000114,301,348629.0
36520.0,-1.8000000000000114,301,350134.0
36525.0,-1.8000000000000114,301,351639.0
36530.0,-1.8000000000000114,301,353144.0
36535.0,-1.7999999999999545,301,354649.0
36540.0,-1.8000000000000114,301,356154.0
36545.0,-1.8000000000000114,301,357659.0
36550.0,-1.8000000000000114,301,359164.0
36555.0,-1.8000000000000114,301,360669.0
36560.0,-1.7999999999999545,301,362174.0
36565.0,-1.8000000000000114,301,363679.0
36570.0,-1.8000000000000114,301,365184.0
36575.0,-1.8000000000000114,301,366689.0
36580.0,-1.8000000000000114,301,368194.0
36585.0,-1.7999999999999545,301,369699.0
36590.0,-1.8000000000000114,301,371204.0
36595.0,-1.8000000000000114,301,372709.0
36600.0,-1.8000000000000114,301,374214.0
36605.0,-1.8000000000000114,301,375719.0
36610.0,-1.7999999999999545,301,377224.0
36615.0,-1.8000000000000114,301,378729.0
36620.0,-1.8000000000000114,301,380234.0
36625.0,-1.8000000000000114,301,381739.0
36630.0,-1.8000000000000114,301,383244.0
36635.0,-1.7999999999999545,301,384749.0
36640.0,-1.8000000000000114,301,386254.0
36645.0,-1.8000000000000114,301,387759.0
36650.0,-1.8000000000000114,301,389264.0
36655.0,-1.8000000000000114,301,390769.0
36660.0,-1.7999999999999545,301,392274.0
36665.0,-1.8000000000000114,301,393779.0
36670.0,-1.8000000000000114,301,395284.0
36675.0,-1.8000000000000114,301,396789.0
36680.0,-1.8000000000000114,301,398294.0
36685.0,-1.7999999999999545,301,399799.0
36690.0,-1.8000000000000114,301,401304.0
36695.0,-1.8000000000000114,301,402809.0
36700.0,-1.8000000000000114,301,404314.0
36705.0,-1.8000000000000114,301,405819.0
36710.0,-1.7999999999999545,301,407324.0
36715.0,-1.8000000000000114,301,408829.0
36720.0,-1.8000000000000114,301,410334.0
36725.0,-1.8000000000000114,301,411839.0
36730.0,-1.8000000000000114,301,413344.0
36735.0,-1.7999999999999545,301,414849.0
36740.0,-1.8000000000000114,301,416354.0
36745.0,-1.8000000000000114,301,417859.0
36750.0,-1.8000000000000114,301,419364.0
36755.0,-1.8000000000000114,301,420869.0
36760.0,-1.7999999999999545,301,422374.0
36765.0,-1.8000000000000114,301,423879.0
36770.0,-1.8000000000000114,301,425384.0
36775.0,-1.8000000000000114,301,426889.0
36780.0,-1.8000000000000114,301,428394.0
36785.0,-1.7999999999999545,301,429899.0
36790.0,-1.8000000000000114,301,431404.0
36795.0,-1.8000000000000114,301,432909.0
36800.0,-1.7999999999999545,301,434414.0
36805.0,-1.8000000000000682,301,435919.0
36810.0,-1.7999999999999545,301,437424.0
36815.0,-1.8000000000000682,301,438929.0
36820.0,-1.7999999999999545,301,440434.0
36825.0,-1.7999999999999545,301,441939.0
36830.0,-1.8000000000000682,301,443444.0
36835.0,-1.7999999999999545,301,444949.0
36840.0,-1.8000000000000682,301,446454.0
36845.0,-1.7999999999999545,301,447959.0
36850.0,-1.7999999999999545,301,449464.0
36855.0,-1.8000000000000682,301,450969.0
36860.0,-1.7999999999999545,301,452474.0
36865.0,-1.8000000000000682,301,453979.0
36870.0,-1.7999999999999545,301,455484.0
36875.0,-1.7999999999999545,301,456989.0
36880.0,-1.8000000000000682,301,458494.0
36885.0,-1.7999999999999545,301,459999.0
36890.0,-1.8000000000000682,301,461504.0
36895.0,-1.7999999999999545,301,463009.0
36900.0,-1.7999999999999545,301,464514.0
36905.0,-1.8000000000000682,301,466019.0
36910.0,-1.7999999999999545,301,467524.0
36915.0,-1.8000000000000682,301,469029.0
36920.0,-1.7999999999999545,301,470534.0
36925.0,-1.7999999999999545,301,472039.0
36930.0,-1.8000000000000682,301,473544.0
36935.0,-1.7999999999999545,301,475049.0
36940.0,-1.8000000000000682,301,476554.0
36945.0,-1.7999999999999545,301,478059.0
36950.0,-1.7999999999999545,301,479564.0
36955.0,-1.8000000000000682,301,481069.0
36960.0,-1.7999999999999545,301,482574.0
36965.0,-1.8000000000000682,301,484079.0
36970.0,-1.7999999999999545,301,485584.0
36975.0,-1.7999999999999545,301,487089.0
36980.0,-1.8000000000000682,301,488594.0
36985.0,-1.7999999999999545,301,490099.0
36990.0,-1.8000000000000682,301,491604.0
36995.0,-1.7999999999999545,301,493109.0
37000.0,-1.7999999999999545,301,494614.0
37005.0,-1.8000000000000682,301,496119.0
37010.0,-1.7999999999999545,301,497624.0
37015.0,-1.8000000000000682,301,499129.0
37020.0,-1.7999999999999545,301,500634.0
37025.0,-1.7999999999999545,301,502139.0
37030.0,-1.8000000000000682,301,503644.0
37035.0,-1.7999999999999545,301,505149.0
37040.0,-1.8000000000000682,301,506654.0
37045.0,-1.7999999999999545,301,508159.0
37050.0,-1.7999999999999545,301,509664.0
37055.0,-1.8000000000000682,301,511169.0
37060.0,-1.7999999999999545,301,512674.0
37065.0,-1.8000000000000682,301,514179.0
37070.0,-1.7999999999999545,301,515684.0
37075.0,-1.7999999999999545,301,517189.0
37080.0,-1.8000000000000682,301,518694.0
37085.0,-1.7999999999999545,301,520199.0
37090.0,-1.8000000000000682,301,521704.0
37095.0,-1.7999999999999545,301,523209.0
37100.0,-1.7999999999999545,301,524714.0
37105.0,-1.8000000000000682,301,526219.0
37110.0,-1.7999999999999545,301,527724.0
37115.0,-1.8000000000000682,301,529229.0
37120.0,-1.7999999999999545,301,530734.0
37125.0,-1.7999999999999545,301,532239.0
37130.0,-1.8000000000000682,301,533744.0
37135.0,-1.7999999999999545,301,535249.0
37140.0,-1.8000000000000682,301,536754.0
37145.0,-1.7999999999999545,301,538259.0
37150.0,-1.7999999999999545,301,539764.0
37155.0,-1.8000000000000682,301,541269.0
37160.0,-1.7999999999999545,301,542774.0
37165.0,-1.8000000000000682,301,544279.0
37170.0,-1.7999999999999545,301,545784.0
37175.0,-1.7999999999999545,301,547289.0
37180.0,-1.8000000000000682,301,548794.0
37185.0,-1.7999999999999545,301,550299.0
37190.0,-1.8000000000000682,301,551804.0
37195.0,-1.7999999999999545,301,553309.0
37200.0,-1.7999999999999545,301,554814.0
37205.0,-1.8000000000000682,301,556319.0
37210.0,-1.7999999999999545,301,557824.0
37215.0,-1.8000000000000682,301,559329.0
37220.0,-1.7999999999999545,301,560834.0
37225.0,-1.7999999999999545,301,562339.0
37230.0,-1.8000000000000682,301,563844.0
37235.0,-1.7999999999999545,301,565349.0
37240.0,-1.8000000000000682,301,566854.0
37245.0,-1.7999999999999545,301,568359.0
37250.0,-1.7999999999999545,301,569864.0
37255.0,-1.8000000000000682,301,571369.0
37260.0,-1.7999999999999545,301,572874.0
37265.0,-1.8000000000000682,301,574379.0
37270.0,-1.7999999999999545,301,575884.0
37275.0,-1.7999999999999545,301,577389.0
37280.0,-1.8000000000000682,301,578894.0
37285.0,-1.7999999999999545,301,580399.0
37290.0,-1.8000000000000682,301,581904.0
37295.0,-1.7999999999999545,301,583409.0
37300.0,-1.7999999999999545,301,584914.0
37305.0,-1.8000000000000682,301,586419.0
37310.0,-1.7999999999999545,301,587924.0
37315.0,-1.8000000000000682,301,589429.0
37320.0,-1.7999999999999545,301,590934.0
37325.0,-1.7999999999999545,301,592439.0
37330.0,-1.8000000000000682,301,593944.0
37335.0,-1.7999999999999545,301,595449.0
37340.0,-1.8000000000000682,301,596954.0
37345.0,-1.7999999999999545,301,598459.0
37350.0,-1.7999999999999545,301,599964.0
37355.0,-1.8000000000000682,301,601469.0
37360.0,-1.7999999999999545,301,602974.0
37365.0,-1.8000000000000682,301,604479.0
37370.0,-1.7999999999999545,301,605984.0
37375.0,-1.7999999999999545,301,607489.0
37380.0,-1.8000000000000682,301,608994.0
37385.0,-1.7999999999999545,301,610499.0
37390.0,-1.8000000000000682,301,612004.0
37395.0,-1.7999999999999545,301,613509.0
37400.0,-1.7999999999999545,301,615014.0
37405.0,-1.8000000000000682,301,616519.0
37410.0,-1.7999999999999545,301,618024.0
37415.0,-1.8000000000000682,301,619529.0
37420.0,-1.7999999999999545,301,621034.0
37425.0,-1.7999999999999545,301,622539.0
37430.0,-1.8000000000000682,301,624044.0
37435.0,-1.7999999999999545,301,625549.0
37440.0,-1.8000000000000682,301,627054.0
37445.0,-1.7999999999999545,301,628559.0
37450.0,-1.7999999999999545,301,630064.0
37455.0,-1.8000000000000682,301,631569.0
37460.0,-1.7999999999999545,301,633074.0
37465.0,-1.8000000000000682,301,634579.0
37470.0,-1.7999999999999545,301,636084.0
37475.0,-1.7999999999999545,301,637589.0
37480.0,-1.8000000000000682,301,639094.0
37485.0,-1.7999999999999545,301,640599.0
37490.0,-1.8000000000000682,301,642104.0
37495.0,-1.7999999999999545,301,643609.0
37500.0,-1.7999999999999545,301,645114.0
37505.0,-1.8000000000000682,301,646619.0
37510.0,-1.7999999999999545,301,648124.0
37515.0,-1.8000000000000682,301,649629.0
37520.0,-1.7999999999999545,301,651134.0
37525.0,-1.7999999999999545,301,652639.0
37530.0,-1.8000000000000682,301,654144.0
37535.0,-1.7999999999999545,301,655649.0
37540.0,-1.8000000000000682,301,657154.0
37545.0,-1.7999999999999545,301,658659.0
37550.0,-1.7999999999999545,301,660164.0
37555.0,-1.8000000000000682,301,661669.0
37560.0,-1.7999999999999545,301,663174.0
37565.0,-1.8000000000000682,301,664679.0
37570.0,-1.7999999999999545,301,666184.0
37575.0,-1.7999999999999545,301,667689.0
37580.0,-1.8000000000000682,301,669194.0
37585.0,-1.7999999999999545,301,670699.0
37590.0,-1.8000000000000682,301,672204.0
37595.0,-1.7999999999999545,301,673709.0
37600.0,-1.7999999999999545,301,675214.0
37605.0,-1.8000000000000682,301,676719.0
37610.0,-1.7999999999999545,301,678224.0
37615.0,-1.8000000000000682,301,679729.0
37620.0,-1.7999999999999545,301,681234.0
37625.0,-1.7999999999999545,301,682739.0
37630.0,-1.8000000000000682,301,684244.0
37635.0,-1.7999999999999545,301,685749.0
37640.0,-1.8000000000000682,301,687254.0
37645.0,-1.7999999999999545,301,688759.0
37650.0,-1.7999999999999545,301,690264.0
37655.0,-1.8000000000000682,301,691769.0
37660.0,-1.7999999999999545,301,693274.0
37665.0,-1.8000000000000682,301,694779.0
37670.0,-1.7999999999999545,301,696284.0
37675.0,-1.7999999999999545,301,697789.0
37680.0,-1.8000000000000682,301,699294.0
37685.0,-1.7999999999999545,301,700799.0
37690.0,-1.8000000000000682,301,702304.0
37695.0,-1.7999999999999545,301,703809.0
37700.0,-1.7999999999999545,301,705314.0
37705.0,-1.8000000000000682,301,706819.0
37710.0,-1.7999999999999545,301,708324.0
37715.0,-1.8000000000000682,301,709829.0
37720.0,-1.7999999999999545,301,711334.0
37725.0,-1.7999999999999545,301,712839.0
37730.0,-1.8000000000000682,301,714344.0
37735.0,-1.7999999999999545,301,715849.0
37740.0,-1.8000000000000682,301,717354.0
37745.0,-1.7999999999999545,301,718859.0
37750.0,-1.7999999999999545,301,720364.0
37755.0,-1.8000000000000682,301,721869.0
37760.0,-1.7999999999999545,301,723374.0
37765.0,-1.8000000000000682,301,724879.0
37770.0,-1.7999999999999545,301,726384.0
37775.0,-1.7999999999999545,301,727889.0
37780.0,-1.8000000000000682,301,729394.0
37785.0,-1.7999999999999545,301,730899.0
37790.0,-1.8000000000000682,301,732404.0
37795.0,-1.7999999999999545,301,733909.0
37800.0,-1.7999999999999545,301,735414.0
37805.0,-1.8000000000000682,301,736919.0
37810.0,-1.7999999999999545,301,738424.0
37815.0,-1.8000000000000682,301,739929.0
37820.0,-1.7999999999999545,301,741434.0
37825.0,-1.7999999999999545,301,742939.0
37830.0,-1.8000000000000682,301,744444.0
37835.0,-1.7999999999999545,301,745949.0
37840.0,-1.8000000000000682,301,747454.0
37845.0,-1.7999999999999545,301,748959.0
37850.0,-1.7999999999999545,301,750464.0
37855.0,-1.8000000000000682,301,751969.0
37860.0,-1.7999999999999545,301,753474.0
37865.0,-1.8000000000000682,301,754979.0
37870.0,-1.7999999999999545,301,756484.0
37875.0,-1.7999999999999545,301,757989.0
37880.0,-1.8000000000000682,301,759494.0
37885.0,-1.7999999999999545,301,760999.0
37890.0,-1.8000000000000682,301,762504.0
37895.0,-1.7999999999999545,301,764009.0
37900.0,-1.7999999999999545,301,765514.0
37905.0,-1.8000000000000682,301,767019.0
37910.0,-1.7999999999999545,301,768524.0
37915.0,-1.8000000000000682,301,770029.0
37920.0,-1.7999999999999545,301,771534.0
37925.0,-1.7999999999999545,301,773039.0
37930.0,-1.8000000000000682,301,774544.0
37935.0,-1.7999999999999545,301,776049.0
37940.0,-1.8000000000000682,301,777554.0
37945.0,-1.7999999999999545,301,779059.0
37950.0,-1.7999999999999545,301,780564.0
37955.0,-1.8000000000000682,301,782069.0
37960.0,-1.7999999999999545,301,783574.0
37965.0,-1.8000000000000682,301,785079.0
37970.0,-1.7999999999999545,301,786584.0
37975.0,-1.7999999999999545,301,788089.0
37980.0,-1.8000000000000682,301,789594.0
37985.0,-1.7999999999999545,301,791099.0
37990.0,-1.8000000000000682,301,792604.0
37995.0,-1.7999999999999545,301,794109.0
38000.0,-1.7999999999999545,301,795614.0
38005.0,-1.8000000000000682,301,797119.0
38010.0,-1.7999999999999545,301,798624.0
38015.0,-1.8000000000000682,301,800129.0
38020.0,-1.7999999999999545,301,801634.0
38025.0,-1.7999999999999545,301,803139.0
38030.0,-1.8000000000000682,301,804644.0
38035.0,-1.7999999999999545,301,806149.0
38040.0,-1.8000000000000682,301,807654.0
38045.0,-1.7999999999999545,301,809159.0
38050.0,-1.7999999999999545,301,810664.0
38055.0,-1.8000000000000682,301,812169.0
38060.0,-1.7999999999999545,301,813674.0
38065.0,-1.8000000000000682,301,815179.0
38070.0,-1.7999999999999545,301,816684.0
38075.0,-1.7999999999999545,301,818189.0
38080.0,-1.8000000000000682,301,819694.0
38085.0,-1.7999999999999545,301,821199.0
38090.0,-1.8000000000000682,301,822704.0
38095.0,-1.7999999999999545,301,824209.0
38100.0,-1.7999999999999545,301,825714.0
38105.0,-1.8000000000000682,301,827219.0
38110.0,-1.7999999999999545,301,828724.0
38115.0,-1.8000000000000682,301,830229.0
38120.0,-1.7999999999999545,301,831734.0
38125.0,-1.7999999999999545,301,833239.0
38130.0,-1.8000000000000682,301,834744.0
38135.0,-1.7999999999999545,301,836249.0
38140.0,-1.8000000000000682,301,837754.0
38145.0,-1.7999999999999545,301,839259.0
38150.0,-1.7999999999999545,301,840764.0
38155.0,-1.8000000000000682,301,842269.0
38160.0,-1.7999999999999545,301,843774.0
38165.0,-1.8000000000000682,301,845279.0
38170.0,-1.7999999999999545,301,846784.0
38175.0,-1.7999999999999545,301,848289.0
38180.0,-1.8000000000000682,301,849794.0
38185.0,-1.7999999999999545,301,851299.0
38190.0,-1.8000000000000682,301,852804.0
38195.0,-1.7999999999999545,301,854309.0
38200.0,-1.7999999999999545,301,855814.0
38205.0,-1.8000000000000682,301,857319.0
38210.0,-1.7999999999999545,301,858824.0
38215.0,-1.8000000000000682,301,860329.0
38220.0,-1.7999999999999545,301,861834.0
38225.0,-1.8000000000000682,301,863339.0
38230.0,-1.7999999999999545,301,864844.0
38235.0,-1.7999999999999545,301,866349.0
38240.0,-1.7999999999999545,301,867854.0
38245.0,-1.800000000000182,301,869359.0
38250.0,-1.7999999999999545,301,870864.0
38255.0,-1.7999999999999545,301,872369.0
38260.0,-1.7999999999999545,301,873874.0
38265.0,-1.7999999999999545,301,875379.0
38270.0,-1.800000000000182,301,876884.0
38275.0,-1.7999999999999545,301,878389.0
38280.0,-1.7999999999999545,301,879894.0
38285.0,-1.7999999999999545,301,881399.0
38290.0,-1.7999999999999545,301,882904.0
38295.0,-1.800000000000182,301,884409.0
38300.0,-1.7999999999999545,301,885914.0
38305.0,-1.7999999999999545,301,887419.0
38310.0,-1.7999999999999545,301,888924.0
38315.0,-1.7999999999999545,301,890429.0
38320.0,-1.800000000000182,301,891934.0
38325.0,-1.7999999999999545,301,893439.0
38330.0,-1.7999999999999545,301,894944.0
38335.0,-1.7999999999999545,301,896449.0
38340.0,-1.7999999999999545,301,897954.0
38345.0,-1.800000000000182,301,899459.0
38350.0,-1.7999999999999545,301,900964.0
38355.0,-1.7999999999999545,301,902469.0
38360.0,-1.7999999999999545,301,903974.0
38365.0,-1.7999999999999545,301,905479.0
38370.0,-1.800000000000182,301,906984.0
38375.0,-1.7999999999999545,301,908489.0
38380.0,-1.7999999999999545,301,909994.0
38385.0,-1.7999999999999545,301,911499.0
38390.0,-1.7999999999999545,301,913004.0
38395.0,-1.800000000000182,301,914509.0
38400.0,-1.7999999999999545,301,916014.0
38405.0,-1.7999999999999545,301,917519.0
38410.0,-1.7999999999999545,301,919024.0
38415.0,-1.7999999999999545,301,920529.0
38420.0,-1.800000000000182,301,922034.0
38425.0,-1.7999999999999545,301,923539.0
38430.0,-1.7999999999999545,301,925044.0
38435.0,-1.7999999999999545,301,926549.0
38440.0,-1.7999999999999545,301,928054.0
38445.0,-1.800000000000182,301,929559.0
38450.0,-1.7999999999999545,301,931064.0
38455.0,-1.7999999999999545,301,932569.0
38460.0,-1.7999999999999545,301,934074.0
38465.0,-1.7999999999999545,301,935579.0
38470.0,-1.800000000000182,301,937084.0
38475.0,-1.7999999999999545,301,938589.0
38480.0,-1.7999999999999545,301,940094.0
38485.0,-1.7999999999999545,301,941599.0
38490.0,-1.7999999999999545,301,943104.0
38495.0,-1.800000000000182,301,944609.0
38500.0,-1.7999999999999545,301,946114.0
38505.0,-1.7999999999999545,301,947619.0
38510.0,-1.7999999999999545,301,949124.0
38515.0,-1.7999999999999545,301,950629.0
38520.0,-1.800000000000182,301,952134.0
38525.0,-1.7999999999999545,301,953639.0
38530.0,-1.7999999999999545,301,955144.0
38535.0,-1.7999999999999545,301,956649.0
38540.0,-1.7999999999999545,301,958154.0
38545.0,-1.800000000000182,301,959659.0
38550.0,-1.7999999999999545,301,961164.0
38555.0,-1.7999999999999545,301,962669.0
38560.0,-1.7999999999999545,301,964174.0
38565.0,-1.7999999999999545,301,965679.0
38570.0,-1.800000000000182,301,967184.0
38575.0,-1.7999999999999545,301,968689.0
38580.0,-1.7999999999999545,301,970194.0
38585.0,-1.7999999999999545,301,971699.0
38590.0,-1.7999999999999545,301,973204.0
38595.0,-1.800000000000182,301,974709.0
38600.0,-1.7999999999999545,301,976214.0
38605.0,-1.7999999999999545,301,977719.0
38610.0,-1.7999999999999545,301,979224.0
38615.0,-1.7999999999999545,301,980729.0
38620.0,-1.800000000000182,301,982234.0
38625.0,-1.7999999999999545,301,983739.0
38630.0,-1.7999999999999545,301,985244.0
38635.0,-1.7999999999999545,301,986749.0
38640.0,-1.7999999999999545,301,988254.0
38645.0,-1.800000000000182,301,989759.0
38650.0,-1.7999999999999545,301,991264.0
38655.0,-1.7999999999999545,301,992769.0
38660.0,-1.7999999999999545,301,994274.0
38665.0,-1.7999999999999545,301,995779.0
38670.0,-1.800000000000182,301,997284.0
38675.0,-1.7999999999999545,301,998789.0
38680.0,-1.7999999999999545,301,1000294.0
38685.0,-1.7999999999999545,301,1001799.0
38690.0,-1.7999999999999545,301,1003304.0
38695.0,-1.800000000000182,301,1004809.0
38700.0,-1.7999999999999545,301,1006314.0
38705.0,-1.7999999999999545,301,1007819.0
38710.0,-1.7999999999999545,301,1009324.0
38715.0,-1.7999999999999545,301,1010829.0
38720.0,-1.800000000000182,301,1012334.0
38725.0,-1.7999999999999545,301,1013839.0
38730.0,-1.7999999999999545,301,1015344.0
38735.0,-1.7999999999999545,301,1016849.0
38740.0,-1.7999999999999545,301,1018354.0
38745.0,-1.800000000000182,301,1019859.0
38750.0,-1.7999999999999545,301,1021364.0
38755.0,-1.7999999999999545,301,1022869.0
38760.0,-1.7999999999999545,301,1024374.0
38765.0,-1.7999999999999545,301,1025879.0
38770.0,-1.800000000000182,301,1027384.0
38775.0,-1.7999999999999545,301,1028889.0
38780.0,-1.7999999999999545,301,1030394.0
38785.0,-1.7999999999999545,301,1031899.0
38790.0,-1.7999999999999545,301,1033404.0
38795.0,-1.800000000000182,301,1034909.0
38800.0,-1.7999999999999545,301,1036414.0
38805.0,-1.7999999999999545,301,1037919.0
38810.0,-1.7999999999999545,301,1039424.0
38815.0,-1.7999999999999545,301,1040929.0
38820.0,-1.800000000000182,301,1042434.0
38825.0,-1.7999999999999545,301,1043939.0
38830.0,-1.7999999999999545,301,1045444.0
38835.0,-1.7999999999999545,301,1046949.0
38840.0,-1.7999999999999545,301,1048454.0
38845.0,-1.800000000000182,301,1049959.0
38850.0,-1.7999999999999545,301,1051464.0
38855.0,-1.7999999999999545,301,1052969.0
38860.0,-1.7999999999999545,301,1054474.0
38865.0,-1.7999999999999545,301,1055979.0
38870.0,-1.800000000000182,301,1057484.0
38875.0,-1.7999999999999545,301,1058989.0
38880.0,-1.7999999999999545,301,1060494.0
38885.0,-1.7999999999999545,301,1061999.0
38890.0,-1.7999999999999545,301,1063504.0
38895.0,-1.800000000000182,301,1065009.0
38900.0,-1.7999999999999545,301,1066514.0
38905.0,-1.7999999999999545,301,1068019.0
38910.0,-1.7999999999999545,301,1069524.0
38915.0,-1.7999999999999545,301,1071029.0
38920.0,-1.800000000000182,301,1072534.0
38925.0,-1.7999999999999545,301,1074039.0
38930.0,-1.7999999999999545,301,1075544.0
38935.0,-1.7999999999999545,301,1077049.0
38940.0,-1.7999999999999545,301,1078554.0
38945.0,-1.800000000000182,301,1080059.0
38950.0,-1.7999999999999545,301,1081564.0
38955.0,-1.7999999999999545,301,1083069.0
38960.0,-1.7999999999999545,301,1084574.0
38965.0,-1.7999999999999545,301,1086079.0
38970.0,-1.800000000000182,301,1087584.0
38975.0,-1.7999999999999545,301,1089089.0
38980.0,-1.7999999999999545,301,1090594.0
38985.0,-1.7999999999999545,301,1092099.0
38990.0,-1.7999999999999545,301,1093604.0
38995.0,-1.800000000000182,301,1095109.0
39000.0,-1.7999999999999545,301,1096614.0
39005.0,-1.7999999999999545,301,1098119.0
39010.0,-1.7999999999999545,301,1099624.0
39015.0,-1.7999999999999545,301,1101129.0
39020.0,-1.800000000000182,301,1102634.0
39025.0,-1.7999999999999545,301,1104139.0
39030.0,-1.7999999999999545,301,1105644.0
39035.0,-1.7999999999999545,301,1107149.0
39040.0,-1.7999999999999545,301,1108654.0
39045.0,-1.800000000000182,301,1110159.0
39050.0,-1.7999999999999545,301,1111664.0
39055.0,-1.7999999999999545,301,1113169.0
39060.0,-1.7999999999999545,301,1114674.0
39065.0,-1.7999999999999545,301,1116179.0
39070.0,-1.800000000000182,301,1117684.0
39075.0,-1.7999999999999545,301,1119189.0
39080.0,-1.7999999999999545,301,1120694.0
39085.0,-1.7999999999999545,301,1122199.0
39090.0,-1.7999999999999545,301,1123704.0
39095.0,-1.800000000000182,301,1125209.0
39100.0,-1.7999999999999545,301,1126714.0
39105.0,-1.7999999999999545,301,1128219.0
39110.0,-1.7999999999999545,301,1129724.0
39115.0,-1.7999999999999545,301,1131229.0
39120.0,-1.800000000000182,301,1132734.0
39125.0,-1.7999999999999545,301,1134239.0
39130.0,-1.7999999999999545,301,1135744.0
39135.0,-1.7999999999999545,301,1137249.0
39140.0,-1.7999999999999545,301,1138754.0
39145.0,-1.800000000000182,301,1140259.0
39150.0,-1.7999999999999545,301,1141764.0
39155.0,-1.7999999999999545,301,1143269.0
39160.0,-1.7999999999999545,301,1144774.0
39165.0,-1.7999999999999545,301,1146279.0
39170.0,-1.800000000000182,301,1147784.0
39175.0,-1.7999999999999545,301,1149289.0
39180.0,-1.7999999999999545,301,1150794.0
39185.0,-1.7999999999999545,301,1152299.0
39190.0,-1.7999999999999545,301,1153804.0
39195.0,-1.800000000000182,301,1155309.0
39200.0,-1.7999999999999545,301,1156814.0
39205.0,-1.7999999999999545,301,1158319.0
39210.0,-1.7999999999999545,301,1159824.0
39215.0,-1.7999999999999545,301,1161329.0
39220.0,-1.800000000000182,301,1162834.0
39225.0,-1.7999999999999545,301,1164339.0
39230.0,-1.7999999999999545,301,1165844.0
39235.0,-1.7999999999999545,301,1167349.0
39240.0,-1.7999999999999545,301,1168854.0
39245.0,-1.800000000000182,301,1170359.0
39250.0,-1.7999999999999545,301,1171864.0
39255.0,-1.7999999999999545,301,1173369.0
39260.0,-1.7999999999999545,301,1174874.0
39265.0,-1.7999999999999545,301,1176379.0
39270.0,-1.800000000000182,301,1177884.0
39275.0,-1.7999999999999545,301,1179389.0
39280.0,-1.7999999999999545,301,1180894.0
39285.0,-1.7999999999999545,301,1182399.0
39290.0,-1.7999999999999545,301,1183904.0
39295.0,-1.800000000000182,301,1185409.0
39300.0,-1.7999999999999545,301,1186914.0
39305.0,-1.7999999999999545,301,1188419.0
39310.0,-1.7999999999999545,301,1189924.0
39315.0,-1.7999999999999545,301,1191429.0
39320.0,-1.800000000000182,301,1192934.0
39325.0,-1.7999999999999545,301,1194439.0
39330.0,-1.7999999999999545,301,1195944.0
39335.0,-1.7999999999999545,301,1197449.0
39340.0,-1.7999999999999545,301,1198954.0
39345.0,-1.800000000000182,301,1200459.0
39350.0,-1.7999999999999545,301,1201964.0
39355.0,-1.7999999999999545,301,1203469.0
39360.0,-1.7999999999999545,301,1204974.0
39365.0,-1.7999999999999545,301,1206479.0
39370.0,-1.800000000000182,301,1207984.0
39375.0,-1.7999999999999545,301,1209489.0
39380.0,-1.7999999999999545,301,1210994.0
39385.0,-1.7999999999999545,301,1212499.0
39390.0,-1.7999999999999545,301,1214004.0
39395.0,-1.800000000000182,301,1215509.0
39400.0,-1.7999999999999545,301,1217014.0
39405.0,-1.7999999999999545,301,1218519.0
39410.0,-1.7999999999999545,301,1220024.0
39415.0,-1.7999999999999545,301,1221529.0
39420.0,-1.800000000000182,301,1223034.0
39425.0,-1.7999999999999545,301,1224539.0
39430.0,-1.7999999999999545,301,1226044.0
39435.0,-1.7999999999999545,301,1227549.0
39440.0,-1.7999999999999545,301,1229054.0
39445.0,-1.800000000000182,301,1230559.0
39450.0,-1.7999999999999545,301,1232064.0
39455.0,-1.7999999999999545,301,1233569.0
39460.0,-1.7999999999999545,301,1235074.0
39465.0,-1.7999999999999545,301,1236579.0
39470.0,-1.800000000000182,301,1238084.0
39475.0,-1.7999999999999545,301,1239589.0
39480.0,-1.7999999999999545,301,1241094.0
39485.0,-1.7999999999999545,301,1242599.0
39490.0,-1.7999999999999545,301,1244104.0
39495.0,-1.800000000000182,301,1245609.0
39500.0,-1.7999999999999545,301,1247114.0
39505.0,-1.7999999999999545,301,1248619.0
39510.0,-1.7999999999999545,301,1250124.0
39515.0,-1.7999999999999545,301,1251629.0
39520.0,-1.800000000000182,301,1253134.0
39525.0,-1.7999999999999545,301,1254639.0
39530.0,-1.7999999999999545,301,1256144.0
39535.0,-1.7999999999999545,301,1257649.0
39540.0,-1.7999999999999545,301,1259154.0
39545.0,-1.800000000000182,301,1260659.0
39550.0,-1.7999999999999545,301,1262164.0
39555.0,-1.7999999999999545,301,1263669.0
39560.0,-1.7999999999999545,301,1265174.0
39565.0,-1.7999999999999545,301,1266679.0
39570.0,-1.800000000000182,301,1268184.0
39575.0,-1.7999999999999545,301,1269689.0
39580.0,-1.7999999999999545,301,1271194.0
39585.0,-1.7999999999999545,301,1272699.0
39590.0,-1.7999999999999545,301,1274204.0
39595.0,-1.800000000000182,301,1275709.0
39600.0,-1.7999999999999545,301,1277214.0
39605.0,-1.7999999999999545,301,1278719.0
39610.0,-1.7999999999999545,301,1280224.0
39615.0,-1.7999999999999545,301,1281729.0
39620.0,-1.800000000000182,301,1283234.0
39625.0,-1.7999999999999545,301,1284739.0
39630.0,-1.7999999999999545,301,1286244.0
39635.0,-1.7999999999999545,301,1287749.0
39640.0,-1.7999999999999545,301,1289254.0
39645.0,-1.800000000000182,301,1290759.0
39650.0,-1.7999999999999545,301,1292264.0
39655.0,-1.7999999999999545,301,1293769.0
39660.0,-1.7999999999999545,301,1295274.0
39665.0,-1.7999999999999545,301,1296779.0
39670.0,-1.800000000000182,301,1298284.0
39675.0,-1.7999999999999545,301,1299789.0
39680.0,-1.7999999999999545,301,1301294.0
39685.0,-1.7999999999999545,301,1302799.0
39690.0,-1.7999999999999545,301,1304304.0
39695.0,-1.800000000000182,301,1305809.0
39700.0,-1.7999999999999545,301,1307314.0
39705.0,-1.7999999999999545,301,1308819.0
39710.0,-1.7999999999999545,301,1310324.0
39715.0,-1.7999999999999545,301,1311829.0
39720.0,-1.800000000000182,301,1313334.0
39725.0,-1.7999999999999545,301,1314839.0
39730.0,-1.7999999999999545,301,1316344.0
39735.0,-1.7999999999999545,301,1317849.0
39740.0,-1.7999999999999545,301,1319354.0
39745.0,-1.800000000000182,301,1320859.0
39750.0,-1.7999999999999545,301,1322364.0
39755.0,-1.7999999999999545,301,1323869.0
39760.0,-1.7999999999999545,301,1325374.0
39765.0,-1.7999999999999545,301,1326879.0
39770.0,-1.800000000000182,301,1328384.0
39775.0,-1.7999999999999545,301,1329889.0
39780.0,-1.7999999999999545,301,1331394.0
39785.0,-1.7999999999999545,301,1332899.0
39790.0,-1.7999999999999545,301,1334404.0
39795.0,-1.800000000000182,301,1335909.0
39800.0,-1.7999999999999545,301,1337414.0
39805.0,-1.7999999999999545,301,1338919.0
39810.0,-1.7999999999999545,301,1340424.0
39815.0,-1.7999999999999545,301,1341929.0
39820.0,-1.800000000000182,301,1343434.0
39825.0,-1.7999999999999545,301,1344939.0
39830.0,-1.7999999999999545,301,1346444.0
39835.0,-1.7999999999999545,301,1347949.0
39840.0,-1.7999999999999545,301,1349454.0
39845.0,-1.800000000000182,301,1350959.0
39850.0,-1.7999999999999545,301,1352464.0
39855.0,-1.7999999999999545,301,1353969.0
39860.0,-1.7999999999999545,301,1355474.0
39865.0,-1.7999999999999545,301,1356979.0
39870.0,-1.800000000000182,301,1358484.0
39875.0,-1.7999999999999545,301,1359989.0
39880.0,-1.7999999999999545,301,1361494.0
39885.0,-1.7999999999999545,301,1362999.0
39890.0,-1.7999999999999545,301,1364504.0
39895.0,-1.800000000000182,301,1366009.0
39900.0,-1.7999999999999545,301,1367514.0
39905.0,-1.7999999999999545,301,1369019.0
39910.0,-1.7999999999999545,301,1370524.0
39915.0,-1.7999999999999545,301,1372029.0
39920.0,-1.800000000000182,301,1373534.0
39925.0,-1.7999999999999545,301,1375039.0
39930.0,-1.7999999999999545,301,1376544.0
39935.0,-1.7999999999999545,301,1378049.0
39940.0,-1.7999999999999545,301,1379554.0
39945.0,-1.800000000000182,301,1381059.0
39950.0,-1.7999999999999545,301,1382564.0
39955.0,-1.7999999999999545,301,1384069.0
39960.0,-1.7999999999999545,301,1385574.0
39965.0,-1.7999999999999545,301,1387079.0
39970.0,-1.800000000000182,301,1388584.0
39975.0,-1.7999999999999545,301,1390089.0
39980.0,-1.7999999999999545,301,1391594.0
39985.0,-1.7999999999999545,301,1393099.0
39990.0,-1.7999999999999545,301,1394604.0
39995.0,-1.800000000000182,301,1396109.0
40000.0,-1.7999999999999545,301,1397614.0
40005.0,-1.7999999999999545,301,1399119.0
40010.0,-1.7999999999999545,301,1400624.0
40015.0,-1.7999999999999545,301,1402129.0
40020.0,-1.800000000000182,301,1403634.0
40025.0,-1.7999999999999545,301,1405139.0
40030.0,-1.7999999999999545,301,1406644.0
40035.0,-1.7999999999999545,301,1408149.0
40040.0,-1.7999999999999545,301,1409654.0
40045.0,-1.800000000000182,301,1411159.0
40050.0,-1.7999999999999545,301,1412664.0
40055.0,-1.7999999999999545,301,1414169.0
40060.0,-1.7999999999999545,301,1415674.0
40065.0,-1.7999999999999545,301,1417179.0
40070.0,-1.800000000000182,301,1418684.0
40075.0,-1.7999999999999545,301,1420189.0
40080.0,-1.7999999999999545,301,1421694.0
40085.0,-1.7999999999999545,301,1423199.0
40090.0,-1.7999999999999545,301,1424704.0
40095.0,-1.800000000000182,301,1426209.0
40100.0,-1.7999999999999545,301,1427714.0
40105.0,-1.7999999999999545,301,1429219.0
40110.0,-1.7999999999999545,301,1430724.0
40115.0,-1.7999999999999545,301,1432229.0
40120.0,-1.800000000000182,301,1433734.0
40125.0,-1.7999999999999545,301,1435239.0
40130.0,-1.7999999999999545,301,1436744.0
40135.0,-1.7999999999999545,301,1438249.0
40140.0,-1.7999999999999545,301,1439754.0
40145.0,-1.800000000000182,301,1441259.0
40150.0,-1.7999999999999545,301,1442764.0
40155.0,-1.7999999999999545,301,1444269.0
40160.0,-1.7999999999999545,301,1445774.0
40165.0,-1.7999999999999545,301,1447279.0
40170.0,-1.800000000000182,301,1448784.0
40175.0,-1.7999999999999545,301,1450289.0
40180.0,-1.7999999999999545,301,1451794.0
40185.0,-1.7999999999999545,301,1453299.0
40190.0,-1.7999999999999545,301,1454804.0
40195.0,-1.800000000000182,301,1456309.0
40200.0,-1.7999999999999545,301,1457814.0
40205.0,-1.7999999999999545,301,1459319.0
40210.0,-1.7999999999999545,301,1460824.0
40215.0,-1.7999999999999545,301,1462329.0
40220.0,-1.800000000000182,301,1463834.0
40225.0,-1.7999999999999545,301,1465339.0
40230.0,-1.7999999999999545,301,1466844.0
40235.0,-1.7999999999999545,301,1468349.0
40240.0,-1.7999999999999545,301,1469854.0
40245.0,-1.800000000000182,301,1471359.0
40250.0,-1.7999999999999545,301,1472864.0
40255.0,-1.7999999999999545,301,1474369.0
40260.0,-1.7999999999999545,301,1475874.0
40265.0,-1.7999999999999545,301,1477379.0
40270.0,-1.800000000000182,301,1478884.0
40275.0,-1.7999999999999545,301,1480389.0
40280.0,-1.7999999999999545,301,1481894.0
40285.0,-1.7999999999999545,301,1483399.0
40290.0,-1.7999999999999545,301,1484904.0
40295.0,-1.800000000000182,301,1486409.0
40300.0,-1.7999999999999545,301,1487914.0
40305.0,-1.7999999999999545,301,1489419.0
40310.0,-1.7999999999999545,301,1490924.0
40315.0,-1.7999999999999545,301,1492429.0
40320.0,-1.800000000000182,301,1493934.0
40325.0,-1.7999999999999545,301,1495439.0
40330.0,-1.7999999999999545,301,1496944.0
40335.0,-1.7999999999999545,301,1498449.0
40340.0,-1.7999999999999545,301,1499954.0
40345.0,-1.800000000000182,301,1501459.0
40350.0,-1.7999999999999545,301,1502964.0
40355.0,-1.7999999999999545,301,1504469.0
40360.0,-1.7999999999999545,301,1505974.0
40365.0,-1.7999999999999545,301,1507479.0
40370.0,-1.800000000000182,301,1508984.0
40375.0,-1.7999999999999545,301,1510489.0
40380.0,-1.7999999999999545,301,1511994.0
40385.0,-1.7999999999999545,301,1513499.0
40390.0,-1.7999999999999545,301,1515004.0
40395.0,-1.800000000000182,301,1516509.0
40400.0,-1.7999999999999545,301,1518014.0
40405.0,-1.7999999999999545,301,1519519.0
40410.0,-1.7999999999999545,301,1521024.0
40415.0,-1.7999999999999545,301,1522529.0
40420.0,-1.800000000000182,301,1524034.0
40425.0,-1.7999999999999545,301,1525539.0
40430.0,-1.7999999999999545,301,1527044.0
40435.0,-1.7999999999999545,301,1528549.0
40440.0,-1.7999999999999545,301,1530054.0
40445.0,-1.800000000000182,301,1531559.0
40450.0,-1.7999999999999545,301,1533064.0
40455.0,-1.7999999999999545,301,1534569.0
40460.0,-1.7999999999999545,301,1536074.0
40465.0,-1.7999999999999545,301,1537579.0
40470.0,-1.800000000000182,301,1539084.0
40475.0,-1.7999999999999545,301,1540589.0
40480.0,-1.7999999999999545,301,1542094.0
40485.0,-1.7999999999999545,301,1543599.0
40490.0,-1.7999999999999545,301,1545104.0
40495.0,-1.800000000000182,301,1546609.0
40500.0,-1.7999999999999545,301,1548114.0
40505.0,-1.7999999999999545,301,1549619.0
40510.0,-1.7999999999999545,301,1551124.0
40515.0,-1.7999999999999545,301,1552629.0
40520.0,-1.800000000000182,301,1554134.0
40525.0,-1.7999999999999545,301,1555639.0
40530.0,-1.7999999999999545,301,1557144.0
40535.0,-1.7999999999999545,301,1558649.0
40540.0,-1.7999999999999545,301,1560154.0
40545.0,-1.800000000000182,301,1561659.0
40550.0,-1.7999999999999545,301,1563164.0
40555.0,-1.7999999999999545,301,1564669.0
40560.0,-1.7999999999999545,301,1566174.0
40565.0,-1.7999999999999545,301,1567679.0
40570.0,-1.800000000000182,301,1569184.0
40575.0,-1.7999999999999545,301,1570689.0
40580.0,-1.7999999999999545,301,1572194.0
40585.0,-1.7999999999999545,301,1573699.0
40590.0,-1.7999999999999545,301,1575204.0
40595.0,-1.800000000000182,301,1576709.0
40600.0,-1.7999999999999545,301,1578214.0
40605.0,-1.7999999999999545,301,1579719.0
40610.0,-1.7999999999999545,301,1581224.0
40615.0,-1.7999999999999545,301,1582729.0
40620.0,-1.800000000000182,301,1584234.0
40625.0,-1.7999999999999545,301,1585739.0
40630.0,-1.7999999999999545,301,1587244.0
40635.0,-1.7999999999999545,301,1588749.0
40640.0,-1.7999999999999545,301,1590254.0
40645.0,-1.800000000000182,301,1591759.0
40650.0,-1.7999999999999545,301,1593264.0
40655.0,-1.7999999999999545,301,1594769.0
40660.0,-1.7999999999999545,301,1596274.0
40665.0,-1.7999999999999545,301,1597779.0
40670.0,-1.800000000000182,301,1599284.0
40675.0,-1.7999999999999545,301,1600789.0
40680.0,-1.7999999999999545,301,1602294.0
40685.0,-1.7999999999999545,301,1603799.0
40690.0,-1.7999999999999545,301,1605304.0
40695.0,-1.800000000000182,301,1606809.0
40700.0,-1.7999999999999545,301,1608314.0
40705.0,-1.7999999999999545,301,1609819.0
40710.0,-1.7999999999999545,301,1611324.0
40715.0,-1.7999999999999545,301,1612829.0
40720.0,-1.800000000000182,301,1614334.0
40725.0,-1.7999999999999545,301,1615839.0
40730.0,-1.7999999999999545,301,1617344.0
40735.0,-1.7999999999999545,301,1618849.0
40740.0,-1.7999999999999545,301,1620354.0
40745.0,-1.800000000000182,301,1621859.0
40750.0,-1.7999999999999545,301,1623364.0
40755.0,-1.7999999999999545,301,1624869.0
40760.0,-1.7999999999999545,301,1626374.0
40765.0,-1.7999999999999545,301,1627879.0
40770.0,-1.800000000000182,301,1629384.0
40775.0,-1.7999999999999545,301,1630889.0
40780.0,-1.7999999999999545,301,1632394.0
40785.0,-1.7999999999999545,301,1633899.0
40790.0,-1.7999999999999545,301,1635404.0
40795.0,-1.800000000000182,301,1636909.0
40800.0,-1.7999999999999545,301,1638414.0
40805.0,-1.7999999999999545,301,1639919.0
40810.0,-1.7999999999999545,301,1641424.0
40815.0,-1.7999999999999545,301,1642929.0
40820.0,-1.800000000000182,301,1644434.0
40825.0,-1.7999999999999545,301,1645939.0
40830.0,-1.7999999999999545,301,1647444.0
40835.0,-1.7999999999999545,301,1648949.0
40840.0,-1.7999999999999545,301,1650454.0
40845.0,-1.800000000000182,301,1651959.0
40850.0,-1.7999999999999545,301,1653464.0
40855.0,-1.7999999999999545,301,1654969.0
40860.0,-1.7999999999999545,301,1656474.0
40865.0,-1.7999999999999545,301,1657979.0
40870.0,-1.800000000000182,301,1659484.0
40875.0,-1.7999999999999545,301,1660989.0
40880.0,-1.7999999999999545,301,1662494.0
40885.0,-1.7999999999999545,301,1663999.0
40890.0,-1.7999999999999545,301,1665504.0
40895.0,-1.800000000000182,301,1667009.0
40900.0,-1.7999999999999545,301,1668514.0
40905.0,-1.7999999999999545,301,1670019.0
40910.0,-1.7999999999999545,301,1671524.0
40915.0,-1.7999999999999545,301,1673029.0
40920.0,-1.800000000000182,301,1674534.0
40925.0,-1.7999999999999545,301,1676039.0
40930.0,-1.7999999999999545,301,1677544.0
40935.0,-1.7999999999999545,301,1679049.0
40940.0,-1.7999999999999545,301,1680554.0
40945.0,-1.800000000000182,301,1682059.0
40950.0,-1.7999999999999545,301,1683564.0
40955.0,-1.7999999999999545,301,1685069.0
40960.0,-1.7999999999999545,301,1686574.0
40965.0,-1.7999999999999545,301,1688079.0
40970.0,-1.800000000000182,301,1689584.0
40975.0,-1.7999999999999545,301,1691089.0
40980.0,-1.7999999999999545,301,1692594.0
40985.0,-1.7999999999999545,301,1694099.0
40990.0,-1.7999999999999545,301,1695604.0
40995.0,-1.800000000000182,301,1697109.0
41000.0,-1.7999999999999545,301,1698614.0
41005.0,-1.7999999999999545,301,1700119.0
41010.0,-1.7999999999999545,301,1701624.0
41015.0,-1.7999999999999545,301,1703129.0
41020.0,-1.800000000000182,301,1704634.0
41025.0,-1.7999999999999545,301,1706139.0
41030.0,-1.7999999999999545,301,1707644.0
41035.0,-1.7999999999999545,301,1709149.0
41040.0,-1.7999999999999545,301,1710654.0
41045.0,-1.800000000000182,301,1712159.0
41050.0,-1.7999999999999545,301,1713664.0
41055.0,-1.7999999999999545,301,1715169.0
41060.0,-1.7999999999999545,301,1716674.0
41065.0,-1.7999999999999545,301,1718179.0
41070.0,-1.800000000000182,301,1719684.0
41075.0,-1.7999999999997272,301,1721189.0
41080.0,-1.800000000000182,301,1722694.0
41085.0,-1.800000000000182,301,1724199.0
41090.0,-1.7999999999997272,301,1725704.0
41095.0,-1.800000000000182,301,1727209.0
41100.0,-1.7999999999997272,301,1728714.0
41105.0,-1.800000000000182,301,1730219.0
41110.0,-1.800000000000182,301,1731724.0
41115.0,-1.7999999999997272,301,1733229.0
41120.0,-1.800000000000182,301,1734734.0
41125.0,-1.7999999999997272,301,1736239.0
41130.0,-1.800000000000182,301,1737744.0
41135.0,-1.800000000000182,301,1739249.0
41140.0,-1.7999999999997272,301,1740754.0
41145.0,-1.800000000000182,301,1742259.0
41150.0,-1.7999999999997272,301,1743764.0
41155.0,-1.800000000000182,301,1745269.0
41160.0,-1.800000000000182,301,1746774.0
41165.0,-1.7999999999997272,301,1748279.0
41170.0,-1.800000000000182,301,1749784.0
41175.0,-1.7999999999997272,301,1751289.0
41180.0,-1.800000000000182,301,1752794.0
41185.0,-1.800000000000182,301,1754299.0
41190.0,-1.7999999999997272,301,1755804.0
41195.0,-1.800000000000182,301,1757309.0
41200.0,-1.7999999999997272,301,1758814.0
41205.0,-1.800000000000182,301,1760319.0
41210.0,-1.800000000000182,301,1761824.0
41215.0,-1.7999999999997272,301,1763329.0
41220.0,-1.800000000000182,301,1764834.0
41225.0,-1.7999999999997272,301,1766339.0
41230.0,-1.800000000000182,301,1767844.0
41235.0,-1.800000000000182,301,1769349.0
41240.0,-1.7999999999997272,301,1770854.0
41245.0,-1.800000000000182,301,1772359.0
41250.0,-1.7999999999997272,301,1773864.0
41255.0,-1.800000000000182,301,1775369.0
41260.0,-1.800000000000182,301,1776874.0
41265.0,-1.7999999999997272,301,1778379.0
41270.0,-1.800000000000182,301,1779884.0
41275.0,-1.7999999999997272,301,1781389.0
41280.0,-1.800000000000182,301,1782894.0
41285.0,-1.800000000000182,301,1784399.0
41290.0,-1.7999999999997272,301,1785904.0
41295.0,-1.800000000000182,301,1787409.0
41300.0,-1.7999999999997272,301,1788914.0
41305.0,-1.800000000000182,301,1790419.0
41310.0,-1.800000000000182,301,1791924.0
41315.0,-1.7999999999997272,301,1793429.0
41320.0,-1.800000000000182,301,1794934.0
41325.0,-1.7999999999997272,301,1796439.0
41330.0,-1.800000000000182,301,1797944.0
41335.0,-1.800000000000182,301,1799449.0
41340.0,-1.7999999999997272,301,1800954.0
41345.0,-1.800000000000182,301,1802459.0
41350.0,-1.7999999999997272,301,1803964.0
41355.0,-1.800000000000182,301,1805469.0
41360.0,-1.800000000000182,301,1806974.0
41365.0,-1.7999999999997272,301,1808479.0
41370.0,-1.800000000000182,301,1809984.0
41375.0,-1.7999999999997272,301,1811489.0
41380.0,-1.800000000000182,301,1812994.0
41385.0,-1.800000000000182,301,1814499.0
41390.0,-1.7999999999997272,301,1816004.0
41395.0,-1.800000000000182,301,1817509.0
41400.0,-1.7999999999997272,301,1819014.0
41405.0,-1.800000000000182,301,1820519.0
41410.0,-1.800000000000182,301,1822024.0
41415.0,-1.7999999999997272,301,1823529.0
41420.0,-1.800000000000182,301,1825034.0
41425.0,-1.7999999999997272,301,1826539.0
41430.0,-1.800000000000182,301,1828044.0
41435.0,-1.800000000000182,301,1829549.0
41440.0,-1.7999999999997272,301,1831054.0
41445.0,-1.800000000000182,301,1832559.0
41450.0,-1.7999999999997272,301,1834064.0
41455.0,-1.800000000000182,301,1835569.0
41460.0,-1.800000000000182,301,1837074.0
41465.0,-1.7999999999997272,301,1838579.0
41470.0,-1.800000000000182,301,1840084.0
41475.0,-1.7999999999997272,301,1841589.0
41480.0,-1.800000000000182,301,1843094.0
41485.0,-1.800000000000182,301,1844599.0
41490.0,-1.7999999999997272,301,1846104.0
41495.0,-1.800000000000182,301,1847609.0
41500.0,-1.7999999999997272,301,1849114.0
41505.0,-1.800000000000182,301,1850619.0
41510.0,-1.800000000000182,301,1852124.0
41515.0,-1.7999999999997272,301,1853629.0
41520.0,-1.800000000000182,301,1855134.0
41525.0,-1.7999999999997272,301,1856639.0
41530.0,-1.800000000000182,301,1858144.0
41535.0,-1.800000000000182,301,1859649.0
41540.0,-1.7999999999997272,301,1861154.0
41545.0,-1.800000000000182,301,1862659.0
41550.0,-1.7999999999997272,301,1864164.0
41555.0,-1.800000000000182,301,1865669.0
41560.0,-1.800000000000182,301,1867174.0
41565.0,-1.7999999999997272,301,1868679.0
41570.0,-1.800000000000182,301,1870184.0
41575.0,-1.7999999999997272,301,1871689.0
41580.0,-1.800000000000182,301,1873194.0
41585.0,-1.800000000000182,301,1874699.0
41590.0,-1.7999999999997272,301,1876204.0
41595.0,-1.800000000000182,301,1877709.0
41600.0,-1.7999999999997272,301,1879214.0
41605.0,-1.800000000000182,301,1880719.0
41610.0,-1.800000000000182,301,1882224.0
41615.0,-1.7999999999997272,301,1883729.0
41620.0,-1.800000000000182,301,1885234.0
41625.0,-1.7999999999997272,301,1886739.0
41630.0,-1.800000000000182,301,1888244.0
41635.0,-1.800000000000182,301,1889749.0
41640.0,-1.7999999999997272,301,1891254.0
41645.0,-1.800000000000182,301,1892759.0
41650.0,-1.7999999999997272,301,1894264.0
41655.0,-1.800000000000182,301,1895769.0
41660.0,-1.800000000000182,301,1897274.0
41665.0,-1.7999999999997272,301,1898779.0
41670.0,-1.800000000000182,301,1900284.0
41675.0,-1.7999999999997272,301,1901789.0
41680.0,-1.800000000000182,301,1903294.0
41685.0,-1.800000000000182,301,1904799.0
41690.0,-1.7999999999997272,301,1906304.0
41695.0,-1.800000000000182,301,1907809.0
41700.0,-1.7999999999997272,301,1909314.0
41705.0,-1.800000000000182,301,1910819.0
41710.0,-1.800000000000182,301,1912324.0
41715.0,-1.7999999999997272,301,1913829.0
41720.0,-1.800000000000182,301,1915334.0
41725.0,-1.7999999999997272,301,1916839.0
41730.0,-1.800000000000182,301,1918344.0
41735.0,-1.800000000000182,301,1919849.0
41740.0,-1.7999999999997272,301,1921354.0
41745.0,-1.800000000000182,301,1922859.0
41750.0,-1.7999999999997272,301,1924364.0
41755.0,-1.800000000000182,301,1925869.0
41760.0,-1.800000000000182,301,1927374.0
41765.0,-1.7999999999997272,301,1928879.0
41770.0,-1.800000000000182,301,1930384.0
41775.0,-1.7999999999997272,301,1931889.0
41780.0,-1.800000000000182,301,1933394.0
41785.0,-1.800000000000182,301,1934899.0
41790.0,-1.7999999999997272,301,1936404.0
41795.0,-1.800000000000182,301,1937909.0
41800.0,-1.7999999999997272,301,1939414.0
41805.0,-1.800000000000182,301,1940919.0
41810.0,-1.800000000000182,301,1942424.0
41815.0,-1.7999999999997272,301,1943929.0
41820.0,-1.800000000000182,301,1945434.0
41825.0,-1.7999999999997272,301,1946939.0
41830.0,-1.800000000000182,301,1948444.0
41835.0,-1.800000000000182,301,1949949.0
41840.0,-1.7999999999997272,301,1951454.0
41845.0,-1.800000000000182,301,1952959.0
41850.0,-1.7999999999997272,301,1954464.0
41855.0,-1.800000000000182,301,1955969.0
41860.0,-1.800000000000182,301,1957474.0
41865.0,-1.7999999999997272,301,1958979.0
41870.0,-1.800000000000182,301,1960484.0
41875.0,-1.7999999999997272,301,1961989.0
41880.0,-1.800000000000182,301,1963494.0
41885.0,-1.800000000000182,301,1964999.0
41890.0,-1.7999999999997272,301,1966504.0
41895.0,-1.800000000000182,301,1968009.0
41900.0,-1.7999999999997272,301,1969514.0
41905.0,-1.800000000000182,301,1971019.0
41910.0,-1.800000000000182,301,1972524.0
41915.0,-1.7999999999997272,301,1974029.0
41920.0,-1.800000000000182,301,1975534.0
41925.0,-1.7999999999997272,301,1977039.0
41930.0,-1.800000000000182,301,1978544.0
41935.0,-1.800000000000182,301,1980049.0
41940.0,-1.7999999999997272,301,1981554.0
41945.0,-1.800000000000182,301,1983059.0
41950.0,-1.7999999999997272,301,1984564.0
41955.0,-1.800000000000182,301,1986069.0
41960.0,-1.800000000000182,301,1987574.0
41965.0,-1.7999999999997272,301,1989079.0
41970.0,-1.800000000000182,301,1990584.0
41975.0,-1.7999999999997272,301,1992089.0
41980.0,-1.800000000000182,301,1993594.0
41985.0,-1.800000000000182,301,1995099.0
41990.0,-1.7999999999997272,301,1996604.0
41995.0,-1.800000000000182,301,1998109.0
42000.0,-1.7999999999997272,301,1999614.0
42005.0,-1.800000000000182,301,2001119.0
42010.0,-1.800000000000182,301,2002624.0
42015.0,-1.7999999999997272,301,2004129.0
42020.0,-1.800000000000182,301,2005634.0
42025.0,-1.7999999999997272,301,2007139.0
42030.0,-1.800000000000182,301,2008644.0
42035.0,-1.800000000000182,301,2010149.0
42040.0,-1.7999999999997272,301,2011654.0
42045.0,-1.800000000000182,301,2013159.0
42050.0,-1.7999999999997272,301,2014664.0
42055.0,-1.800000000000182,301,2016169.0
42060.0,-1.800000000000182,301,2017674.0
42065.0,-1.7999999999997272,301,2019179.0
42070.0,-1.800000000000182,301,2020684.0
42075.0,-1.7999999999997272,301,2022189.0
42080.0,-1.800000000000182,301,2023694.0
42085.0,-1.800000000000182,301,2025199.0
42090.0,-1.7999999999997272,301,2026704.0
42095.0,-1.800000000000182,301,2028209.0
42100.0,-1.7999999999997272,301,2029714.0
42105.0,-1.800000000000182,301,2031219.0
42110.0,-1.800000000000182,301,2032724.0
42115.0,-1.7999999999997272,301,2034229.0
42120.0,-1.800000000000182,301,2035734.0
42125.0,-1.7999999999997272,301,2037239.0
42130.0,-1.800000000000182,301,2038744.0
42135.0,-1.800000000000182,301,2040249.0
42140.0,-1.7999999999997272,301,2041754.0
42145.0,-1.800000000000182,301,2043259.0
42150.0,-1.7999999999997272,301,2044764.0
42155.0,-1.800000000000182,301,2046269.0
42160.0,-1.800000000000182,301,2047774.0
42165.0,-1.7999999999997272,301,2049279.0
42170.0,-1.800000000000182,301,2050784.0
42175.0,-1.7999999999997272,301,2052289.0
42180.0,-1.800000000000182,301,2053794.0
42185.0,-1.800000000000182,301,2055299.0
42190.0,-1.7999999999997272,301,2056804.0
42195.0,-1.800000000000182,301,2058309.0
42200.0,-1.7999999999997272,301,2059814.0
42205.0,-1.800000000000182,301,2061319.0
42210.0,-1.800000000000182,301,2062824.0
42215.0,-1.7999999999997272,301,2064329.0
42220.0,-1.800000000000182,301,2065834.0
42225.0,-1.7999999999997272,301,2067339.0
42230.0,-1.800000000000182,301,2068844.0
42235.0,-1.800000000000182,301,2070349.0
42240.0,-1.7999999999997272,301,2071854.0
42245.0,-1.800000000000182,301,2073359.0
42250.0,-1.7999999999997272,301,2074864.0
42255.0,-1.800000000000182,301,2076369.0
42260.0,-1.800000000000182,301,2077874.0
42265.0,-1.7999999999997272,301,2079379.0
42270.0,-1.800000000000182,301,2080884.0
42275.0,-1.7999999999997272,301,2082389.0
42280.0,-1.800000000000182,301,2083894.0
42285.0,-1.800000000000182,301,2085399.0
42290.0,-1.7999999999997272,301,2086904.0
42295.0,-1.800000000000182,301,2088409.0
42300.0,-1.7999999999997272,301,2089914.0
42305.0,-1.800000000000182,301,2091419.0
42310.0,-1.800000000000182,301,2092924.0
42315.0,-1.7999999999997272,301,2094429.0
42320.0,-1.800000000000182,301,2095934.0
42325.0,-1.7999999999997272,301,2097439.0
42330.0,-1.800000000000182,301,2098944.0
42335.0,-1.800000000000182,301,2100449.0
42340.0,-1.7999999999997272,301,2101954.0
42345.0,-1.800000000000182,301,2103459.0
42350.0,-1.7999999999997272,301,2104964.0
42355.0,-1.800000000000182,301,2106469.0
42360.0,-1.800000000000182,301,2107974.0
42365.0,-1.7999999999997272,301,2109479.0
42370.0,-1.800000000000182,301,2110984.0
42375.0,-1.7999999999997272,301,2112489.0
42380.0,-1.800000000000182,301,2113994.0
42385.0,-1.800000000000182,301,2115499.0
42390.0,-1.7999999999997272,301,2117004.0
42395.0,-1.800000000000182,301,2118509.0
42400.0,-1.7999999999997272,301,2120014.0
42405.0,-1.800000000000182,301,2121519.0
42410.0,-1.800000000000182,301,2123024.0
42415.0,-1.7999999999997272,301,2124529.0
42420.0,-1.800000000000182,301,2126034.0
42425.0,-1.7999999999997272,301,2127539.0
42430.0,-1.800000000000182,301,2129044.0
42435.0,-1.800000000000182,301,2130549.0
42440.0,-1.7999999999997272,301,2132054.0
42445.0,-1.800000000000182,301,2133559.0
42450.0,-1.7999999999997272,301,2135064.0
42455.0,-1.800000000000182,301,2136569.0
42460.0,-1.800000000000182,301,2138074.0
42465.0,-1.7999999999997272,301,2139579.0
42470.0,-1.800000000000182,301,2141084.0
42475.0,-1.7999999999997272,301,2142589.0
42480.0,-1.800000000000182,301,2144094.0
42485.0,-1.800000000000182,301,2145599.0
42490.0,-1.7999999999997272,301,2147104.0
42495.0,-1.800000000000182,301,2148609.0
42500.0,-1.7999999999997272,301,2150114.0
42505.0,-1.800000000000182,301,2151619.0
42510.0,-1.800000000000182,301,2153124.0
42515.0,-1.7999999999997272,301,2154629.0
42520.0,-1.800000000000182,301,2156134.0
42525.0,-1.7999999999997272,301,2157639.0
42530.0,-1.800000000000182,301,2159144.0
42535.0,-1.800000000000182,301,2160649.0
42540.0,-1.7999999999997272,301,2162154.0
42545.0,-1.800000000000182,301,2163659.0
42550.0,-1.7999999999997272,301,2165164.0
42555.0,-1.800000000000182,301,2166669.0
42560.0,-1.800000000000182,301,2168174.0
42565.0,-1.7999999999997272,301,2169679.0
42570.0,-1.800000000000182,301,2171184.0
42575.0,-1.7999999999997272,301,2172689.0
42580.0,-1.800000000000182,301,2174194.0
42585.0,-1.800000000000182,301,2175699.0
42590.0,-1.7999999999997272,301,2177204.0
42595.0,-1.800000000000182,301,2178709.0
42600.0,-1.7999999999997272,301,2180214.0
42605.0,-1.800000000000182,301,2181719.0
42610.0,-1.800000000000182,301,2183224.0
42615.0,-1.7999999999997272,301,2184729.0
42620.0,-1.800000000000182,301,2186234.0
42625.0,-1.7999999999997272,301,2187739.0
42630.0,-1.800000000000182,301,2189244.0
42635.0,-1.800000000000182,301,2190749.0
42640.0,-1.7999999999997272,301,2192254.0
42645.0,-1.800000000000182,301,2193759.0
42650.0,-1.7999999999997272,301,2195264.0
42655.0,-1.800000000000182,301,2196769.0
42660.0,-1.800000000000182,301,2198274.0
42665.0,-1.7999999999997272,301,2199779.0
42670.0,-1.800000000000182,301,2201284.0
42675.0,-1.7999999999997272,301,2202789.0
42680.0,-1.800000000000182,301,2204294.0
42685.0,-1.800000000000182,301,2205799.0
42690.0,-1.7999999999997272,301,2207304.0
42695.0,-1.800000000000182,301,2208809.0
42700.0,-1.7999999999997272,301,2210314.0
42705.0,-1.800000000000182,301,2211819.0
42710.0,-1.800000000000182,301,2213324.0
42715.0,-1.7999999999997272,301,2214829.0
42720.0,-1.800000000000182,301,2216334.0
42725.0,-1.7999999999997272,301,2217839.0
42730.0,-1.800000000000182,301,2219344.0
42735.0,-1.800000000000182,301,2220849.0
42740.0,-1.7999999999997272,301,2222354.0
42745.0,-1.800000000000182,301,2223859.0
42750.0,-1.7999999999997272,301,2225364.0
42755.0,-1.800000000000182,301,2226869.0
42760.0,-1.800000000000182,301,2228374.0
42765.0,-1.7999999999997272,301,2229879.0
42770.0,-1.800000000000182,301,2231384.0
42775.0,-1.7999999999997272,301,2232889.0
42780.0,-1.800000000000182,301,2234394.0
42785.0,-1.800000000000182,301,2235899.0
42790.0,-1.7999999999997272,301,2237404.0
42795.0,-1.800000000000182,301,2238909.0
42800.0,-1.7999999999997272,301,2240414.0
42805.0,-1.800000000000182,301,2241919.0
42810.0,-1.800000000000182,301,2243424.0
42815.0,-1.7999999999997272,301,2244929.0
42820.0,-1.800000000000182,301,2246434.0
42825.0,-1.7999999999997272,301,2247939.0
42830.0,-1.800000000000182,301,2249444.0
42835.0,-1.800000000000182,301,2250949.0
42840.0,-1.7999999999997272,301,2252454.0
42845.0,-1.800000000000182,301,2253959.0
42850.0,-1.7999999999997272,301,2255464.0
42855.0,-1.800000000000182,301,2256969.0
42860.0,-1.800000000000182,301,2258474.0
42865.0,-1.7999999999997272,301,2259979.0
42870.0,-1.800000000000182,301,2261484.0
42875.0,-1.7999999999997272,301,2262989.0
42880.0,-1.800000000000182,301,2264494.0
42885.0,-1.800000000000182,301,2265999.0
42890.0,-1.7999999999997272,301,2267504.0
42895.0,-1.800000000000182,301,2269009.0
42900.0,-1.7999999999997272,301,2270514.0
42905.0,-1.800000000000182,301,2272019.0
42910.0,-1.800000000000182,301,2273524.0
42915.0,-1.7999999999997272,301,2275029.0
42920.0,-1.800000000000182,301,2276534.0
42925.0,-1.7999999999997272,301,2278039.0
42930.0,-1.800000000000182,301,2279544.0
42935.0,-1.800000000000182,301,2281049.0
42940.0,-1.7999999999997272,301,2282554.0
42945.0,-1.800000000000182,301,2284059.0
42950.0,-1.7999999999997272,301,2285564.0
42955.0,-1.800000000000182,301,2287069.0
42960.0,-1.800000000000182,301,2288574.0
42965.0,-1.7999999999997272,301,2290079.0
42970.0,-1.800000000000182,301,2291584.0
42975.0,-1.7999999999997272,301,2293089.0
42980.0,-1.800000000000182,301,2294594.0
42985.0,-1.800000000000182,301,2296099.0
42990.0,-1.7999999999997272,301,2297604.0
42995.0,-1.800000000000182,301,2299109.0
43000.0,-1.7999999999997272,301,2300614.0
43005.0,-1.800000000000182,301,2302119.0
43010.0,-1.800000000000182,301,2303624.0
43015.0,-1.7999999999997272,301,2305129.0
43020.0,-1.800000000000182,301,2306634.0
43025.0,-1.7999999999997272,301,2308139.0
43030.0,-1.800000000000182,301,2309644.0
43035.0,-1.800000000000182,301,2311149.0
43040.0,-1.7999999999997272,301,2312654.0
43045.0,-1.800000000000182,301,2314159.0
43050.0,-1.7999999999997272,301,2315664.0
43055.0,-1.800000000000182,301,2317169.0
43060.0,-1.800000000000182,301,2318674.0
43065.0,-1.7999999999997272,301,2320179.0
43070.0,-1.800000000000182,301,2321684.0
43075.0,-1.7999999999997272,301,2323189.0
43080.0,-1.800000000000182,301,2324694.0
43085.0,-1.800000000000182,301,2326199.0
43090.0,-1.7999999999997272,301,2327704.0
43095.0,-1.800000000000182,301,2329209.0
43100.0,-1.7999999999997272,301,2330714.0
43105.0,-1.800000000000182,301,2332219.0
43110.0,-1.800000000000182,301,2333724.0
43115.0,-1.7999999999997272,301,2335229.0
43120.0,-1.800000000000182,301,2336734.0
43125.0,-1.7999999999997272,301,2338239.0
43130.0,-1.800000000000182,301,2339744.0
43135.0,-1.800000000000182,301,2341249.0
43140.0,-1.7999999999997272,301,2342754.0
43145.0,-1.800000000000182,301,2344259.0
43150.0,-1.7999999999997272,301,2345764.0
43155.0,-1.800000000000182,301,2347269.0
43160.0,-1.800000000000182,301,2348774.0
43165.0,-1.7999999999997272,301,2350279.0
43170.0,-1.800000000000182,301,2351784.0
43175.0,-1.7999999999997272,301,2353289.0
43180.0,-1.800000000000182,301,2354794.0
43185.0,-1.800000000000182,301,2356299.0
43190.0,-1.7999999999997272,301,2357804.0
43195.0,-1.800000000000182,301,2359309.0
43200.0,-1.7999999999997272,301,2360814.0
43205.0,-1.800000000000182,301,2362319.0
43210.0,-1.800000000000182,301,2363824.0
43215.0,-1.7999999999997272,301,2365329.0
43220.0,-1.800000000000182,301,2366834.0
43225.0,-1.7999999999997272,301,2368339.0
43230.0,-1.800000000000182,301,2369844.0
43235.0,-1.800000000000182,301,2371349.0
43240.0,-1.7999999999997272,301,2372854.0
43245.0,-1.800000000000182,301,2374359.0
43250.0,-1.7999999999997272,301,2375864.0
43255.0,-1.800000000000182,301,2377369.0
43260.0,-1.800000000000182,301,2378874.0
43265.0,-1.7999999999997272,301,2380379.0
43270.0,-1.800000000000182,301,2381884.0
43275.0,-1.7999999999997272,301,2383389.0
43280.0,-1.800000000000182,301,2384894.0
43285.0,-1.800000000000182,301,2386399.0
43290.0,-1.7999999999997272,301,2387904.0
43295.0,-1.800000000000182,301,2389409.0
43300.0,-1.7999999999997272,301,2390914.0
43305.0,-1.800000000000182,301,2392419.0
43310.0,-1.800000000000182,301,2393924.0
43315.0,-1.7999999999997272,301,2395429.0
43320.0,-1.800000000000182,301,2396934.0
43325.0,-1.7999999999997272,301,2398439.0
43330.0,-1.800000000000182,301,2399944.0
43335.0,-1.800000000000182,301,2401449.0
43340.0,-1.7999999999997272,301,2402954.0
43345.0,-1.800000000000182,301,2404459.0
43350.0,-1.7999999999997272,301,2405964.0
43355.0,-1.800000000000182,301,2407469.0
43360.0,-1.800000000000182,301,2408974.0
43365.0,-1.7999999999997272,301,2410479.0
43370.0,-1.800000000000182,301,2411984.0
43375.0,-1.7999999999997272,301,2413489.0
43380.0,-1.800000000000182,301,2414994.0
43385.0,-1.800000000000182,301,2416499.0
43390.0,-1.7999999999997272,301,2418004.0
43395.0,-1.800000000000182,301,2419509.0
43400.0,-1.7999999999997272,301,2421014.0
43405.0,-1.800000000000182,301,2422519.0
43410.0,-1.800000000000182,301,2424024.0
43415.0,-1.7999999999997272,301,2425529.0
43420.0,-1.800000000000182,301,2427034.0
43425.0,-1.7999999999997272,301,2428539.0
43430.0,-1.800000000000182,301,2430044.0
43435.0,-1.800000000000182,301,2431549.0
43440.0,-1.7999999999997272,301,2433054.0
43445.0,-1.800000000000182,301,2434559.0
43450.0,-1.7999999999997272,301,2436064.0
43455.0,-1.800000000000182,301,2437569.0
43460.0,-1.800000000000182,301,2439074.0
43465.0,-1.7999999999997272,301,2440579.0
43470.0,-1.800000000000182,301,2442084.0
43475.0,-1.7999999999997272,301,2443589.0
43480.0,-1.800000000000182,301,2445094.0
43485.0,-1.800000000000182,301,2446599.0
43490.0,-1.7999999999997272,301,2448104.0
43495.0,-1.800000000000182,301,2449609.0
43500.0,-1.7999999999997272,301,2451114.0
43505.0,-1.800000000000182,301,2452619.0
43510.0,-1.800000000000182,301,2454124.0
43515.0,-1.7999999999997272,301,2455629.0
43520.0,-1.800000000000182,301,2457134.0
43525.0,-1.7999999999997272,301,2458639.0
43530.0,-1.800000000000182,301,2460144.0
43535.0,-1.800000000000182,301,2461649.0
43540.0,-1.7999999999997272,301,2463154.0
43545.0,-1.800000000000182,301,2464659.0
43550.0,-1.7999999999997272,301,2466164.0
43555.0,-1.800000000000182,301,2467669.0
43560.0,-1.800000000000182,301,2469174.0
43565.0,-1.7999999999997272,301,2470679.0
43570.0,-1.800000000000182,301,2472184.0
43575.0,-1.7999999999997272,301,2473689.0
43580.0,-1.800000000000182,301,2475194.0
43585.0,-1.800000000000182,301,2476699.0
43590.0,-1.7999999999997272,301,2478204.0
43595.0,-1.800000000000182,301,2479709.0
43600.0,-1.7999999999997272,301,2481214.0
43605.0,-1.800000000000182,301,2482719.0
43610.0,-1.800000000000182,301,2484224.0
43615.0,-1.7999999999997272,301,2485729.0
43620.0,-1.800000000000182,301,2487234.0
43625.0,-1.7999999999997272,301,2488739.0
43630.0,-1.800000000000182,301,2490244.0
43635.0,-1.800000000000182,301,2491749.0
43640.0,-1.7999999999997272,301,2493254.0
43645.0,-1.800000000000182,301,2494759.0
43650.0,-1.7999999999997272,301,2496264.0
43655.0,-1.800000000000182,301,2497769.0
43660.0,-1.800000000000182,301,2499274.0
43665.0,-1.7999999999997272,301,2500779.0
43670.0,-1.800000000000182,301,2502284.0
43675.0,-1.7999999999997272,301,2503789.0
43680.0,-1.800000000000182,301,2505294.0
43685.0,-1.800000000000182,301,2506799.0
43690.0,-1.7999999999997272,301,2508304.0
43695.0,-1.800000000000182,301,2509809.0
43700.0,-1.7999999999997272,301,2511314.0
43705.0,-1.800000000000182,301,2512819.0
43710.0,-1.800000000000182,301,2514324.0
43715.0,-1.7999999999997272,301,2515829.0
43720.0,-1.800000000000182,301,2517334.0
43725.0,-1.7999999999997272,301,2518839.0
43730.0,-1.800000000000182,301,2520344.0
43735.0,-1.800000000000182,301,2521849.0
43740.0,-1.7999999999997272,301,2523354.0
43745.0,-1.800000000000182,301,2524859.0
43750.0,-1.7999999999997272,301,2526364.0
43755.0,-1.800000000000182,301,2527869.0
43760.0,-1.800000000000182,301,2529374.0
43765.0,-1.7999999999997272,301,2530879.0
43770.0,-1.800000000000182,301,2532384.0
43775.0,-1.7999999999997272,301,2533889.0
43780.0,-1.800000000000182,301,2535394.0
43785.0,-1.800000000000182,301,2536899.0
43790.0,-1.7999999999997272,301,2538404.0
43795.0,-1.800000000000182,301,2539909.0
43800.0,-1.7999999999997272,301,2541414.0
43805.0,-1.800000000000182,301,2542919.0
43810.0,-1.800000000000182,301,2544424.0
43815.0,-1.7999999999997272,301,2545929.0
43820.0,-1.800000000000182,301,2547434.0
43825.0,-1.7999999999997272,301,2548939.0
43830.0,-1.800000000000182,301,2550444.0
43835.0,-1.800000000000182,301,2551949.0
43840.0,-1.7999999999997272,301,2553454.0
43845.0,-1.800000000000182,301,2554959.0
43850.0,-1.7999999999997272,301,2556464.0
43855.0,-1.800000000000182,301,2557969.0
43860.0,-1.800000000000182,301,2559474.0
43865.0,-1.7999999999997272,301,2560979.0
43870.0,-1.800000000000182,301,2562484.0
43875.0,-1.7999999999997272,301,2563989.0
43880.0,-1.800000000000182,301,2565494.0
43885.0,-1.800000000000182,301,2566999.0
43890.0,-1.7999999999997272,301,2568504.0
43895.0,-1.800000000000182,301,2570009.0
43900.0,-1.7999999999997272,301,2571514.0
43905.0,-1.800000000000182,301,2573019.0
43910.0,-1.800000000000182,301,2574524.0
43915.0,-1.7999999999997272,301,2576029.0
43920.0,-1.800000000000182,301,2577534.0
43925.0,-1.7999999999997272,301,2579039.0
43930.0,-1.800000000000182,301,2580544.0
43935.0,-1.800000000000182,301,2582049.0
43940.0,-1.7999999999997272,301,2583554.0
43945.0,-1.800000000000182,301,2585059.0
43950.0,-1.7999999999997272,301,2586564.0
43955.0,-1.800000000000182,301,2588069.0
43960.0,-1.800000000000182,301,2589574.0
43965.0,-1.7999999999997272,301,2591079.0
43970.0,-1.800000000000182,301,2592584.0
43975.0,-1.7999999999997272,301,2594089.0
43980.0,-1.800000000000182,301,2595594.0
43985.0,-1.800000000000182,301,2597099.0
43990.0,-1.7999999999997272,301,2598604.0
43995.0,-1.800000000000182,301,2600109.0
44000.0,-1.7999999999997272,301,2601614.0
44005.0,-1.800000000000182,301,2603119.0
44010.0,-1.800000000000182,301,2604624.0
44015.0,-1.7999999999997272,301,2606129.0
44020.0,-1.800000000000182,301,2607634.0
44025.0,-1.7999999999997272,301,2609139.0
44030.0,-1.800000000000182,301,2610644.0
44035.0,-1.800000000000182,301,2612149.0
44040.0,-1.7999999999997272,301,2613654.0
44045.0,-1.800000000000182,301,2615159.0
44050.0,-1.7999999999997272,301,2616664.0
44055.0,-1.800000000000182,301,2618169.0
44060.0,-1.800000000000182,301,2619674.0
44065.0,-1.7999999999997272,301,2621179.0
44070.0,-1.800000000000182,301,2622684.0
44075.0,-1.7999999999997272,301,2624189.0
44080.0,-1.800000000000182,301,2625694.0
44085.0,-1.800000000000182,301,2627199.0
44090.0,-1.7999999999997272,301,2628704.0
44095.0,-1.800000000000182,301,2630209.0
44100.0,-1.7999999999997272,301,2631714.0
44105.0,-1.800000000000182,301,2633219.0
44110.0,-1.800000000000182,301,2634724.0
44115.0,-1.7999999999997272,301,2636229.0
44120.0,-1.800000000000182,301,2637734.0
44125.0,-1.7999999999997272,301,2639239.0
44130.0,-1.800000000000182,301,2640744.0
44135.0,-1.800000000000182,301,2642249.0
44140.0,-1.7999999999997272,301,2643754.0
44145.0,-1.800000000000182,301,2645259.0
44150.0,-1.7999999999997272,301,2646764.0
44155.0,-1.800000000000182,301,2648269.0
44160.0,-1.800000000000182,301,2649774.0
44165.0,-1.7999999999997272,301,2651279.0
44170.0,-1.800000000000182,301,2652784.0
44175.0,-1.7999999999997272,301,2654289.0
44180.0,-1.800000000000182,301,2655794.0
44185.0,-1.800000000000182,301,2657299.0
44190.0,-1.7999999999997272,301,2658804.0
44195.0,-1.800000000000182,301,2660309.0
44200.0,-1.7999999999997272,301,2661814.0
44205.0,-1.800000000000182,301,2663319.0
44210.0,-1.800000000000182,301,2664824.0
44215.0,-1.7999999999997272,301,2666329.0
44220.0,-1.800000000000182,301,2667834.0
44225.0,-1.7999999999997272,301,2669339.0
44230.0,-1.800000000000182,301,2670844.0
44235.0,-1.800000000000182,301,2672349.0
44240.0,-1.7999999999997272,301,2673854.0
44245.0,-1.800000000000182,301,2675359.0
44250.0,-1.7999999999997272,301,2676864.0
44255.0,-1.800000000000182,301,2678369.0
44260.0,-1.800000000000182,301,2679874.0
44265.0,-1.7999999999997272,301,2681379.0
44270.0,-1.800000000000182,301,2682884.0
44275.0,-1.7999999999997272,301,2684389.0
44280.0,-1.800000000000182,301,2685894.0
44285.0,-1.800000000000182,301,2687399.0
44290.0,-1.7999999999997272,301,2688904.0
44295.0,-1.800000000000182,301,2690409.0
44300.0,-1.7999999999997272,301,2691914.0
44305.0,-1.800000000000182,301,2693419.0
44310.0,-1.800000000000182,301,2694924.0
44315.0,-1.7999999999997272,301,2696429.0
44320.0,-1.800000000000182,301,2697934.0
44325.0,-1.7999999999997272,301,2699439.0
44330.0,-1.800000000000182,301,2700944.0
44335.0,-1.800000000000182,301,2702449.0
44340.0,-1.7999999999997272,301,2703954.0
44345.0,-1.800000000000182,301,2705459.0
44350.0,-1.7999999999997272,301,2706964.0
44355.0,-1.800000000000182,301,2708469.0
44360.0,-1.800000000000182,301,2709974.0
44365.0,-1.7999999999997272,301,2711479.0
44370.0,-1.800000000000182,301,2712984.0
44375.0,-1.7999999999997272,301,2714489.0
44380.0,-1.800000000000182,301,2715994.0
44385.0,-1.800000000000182,301,2717499.0
44390.0,-1.7999999999997272,301,2719004.0
44395.0,-1.800000000000182,301,2720509.0
44400.0,-1.7999999999997272,301,2722014.0
44405.0,-1.800000000000182,301,2723519.0
44410.0,-1.800000000000182,301,2725024.0
44415.0,-1.7999999999997272,301,2726529.0
44420.0,-1.800000000000182,301,2728034.0
44425.0,-1.7999999999997272,301,2729539.0
44430.0,-1.800000000000182,301,2731044.0
44435.0,-1.800000000000182,301,2732549.0
44440.0,-1.7999999999997272,301,2734054.0
44445.0,-1.800000000000182,301,2735559.0
44450.0,-1.7999999999997272,301,2737064.0
44455.0,-1.800000000000182,301,2738569.0
44460.0,-1.800000000000182,301,2740074.0
44465.0,-1.7999999999997272,301,2741579.0
44470.0,-1.800000000000182,301,2743084.0
44475.0,-1.7999999999997272,301,2744589.0
44480.0,-1.800000000000182,301,2746094.0
44485.0,-1.800000000000182,301,2747599.0
44490.0,-1.7999999999997272,301,2749104.0
44495.0,-1.800000000000182,301,2750609.0
44500.0,-1.7999999999997272,301,2752114.0
44505.0,-1.800000000000182,301,2753619.0
44510.0,-1.800000000000182,301,2755124.0
44515.0,-1.7999999999997272,301,2756629.0
44520.0,-1.800000000000182,301,2758134.0
44525.0,-1.7999999999997272,301,2759639.0
44530.0,-1.800000000000182,301,2761144.0
44535.0,-1.800000000000182,301,2762649.0
44540.0,-1.7999999999997272,301,2764154.0
44545.0,-1.800000000000182,301,2765659.0
44550.0,-1.7999999999997272,301,2767164.0
44555.0,-1.800000000000182,301,2768669.0
44560.0,-1.800000000000182,301,2770174.0
44565.0,-1.7999999999997272,301,2771679.0
44570.0,-1.800000000000182,301,2773184.0
44575.0,-1.7999999999997272,301,2774689.0
44580.0,-1.800000000000182,301,2776194.0
44585.0,-1.800000000000182,301,2777699.0
44590.0,-1.7999999999997272,301,2779204.0
44595.0,-1.800000000000182,301,2780709.0
44600.0,-1.7999999999997272,301,2782214.0
44605.0,-1.800000000000182,301,2783719.0
44610.0,-1.800000000000182,301,2785224.0
44615.0,-1.7999999999997272,301,2786729.0
44620.0,-1.800000000000182,301,2788234.0
44625.0,-1.7999999999997272,301,2789739.0
44630.0,-1.800000000000182,301,2791244.0
44635.0,-1.800000000000182,301,2792749.0
44640.0,-1.7999999999997272,301,2794254.0
44645.0,-1.800000000000182,301,2795759.0
44650.0,-1.7999999999997272,301,2797264.0
44655.0,-1.800000000000182,301,2798769.0
44660.0,-1.800000000000182,301,2800274.0
44665.0,-1.7999999999997272,301,2801779.0
44670.0,-1.800000000000182,301,2803284.0
44675.0,-1.7999999999997272,301,2804789.0
44680.0,-1.800000000000182,301,2806294.0
44685.0,-1.800000000000182,301,2807799.0
44690.0,-1.7999999999997272,301,2809304.0
44695.0,-1.800000000000182,301,2810809.0
44700.0,-1.7999999999997272,301,2812314.0
44705.0,-1.800000000000182,301,2813819.0
44710.0,-1.800000000000182,301,2815324.0
44715.0,-1.7999999999997272,301,2816829.0
44720.0,-1.800000000000182,301,2818334.0
44725.0,-1.7999999999997272,301,2819839.0
44730.0,-1.800000000000182,301,2821344.0
44735.0,-1.800000000000182,301,2822849.0
44740.0,-1.7999999999997272,301,2824354.0
44745.0,-1.800000000000182,301,2825859.0
44750.0,-1.7999999999997272,301,2827364.0
44755.0,-1.800000000000182,301,2828869.0
44760.0,-1.800000000000182,301,2830374.0
44765.0,-1.7999999999997272,301,2831879.0
44770.0,-1.800000000000182,301,2833384.0
44775.0,-1.7999999999997272,301,2834889.0
44780.0,-1.800000000000182,301,2836394.0
44785.0,-1.800000000000182,301,2837899.0
44790.0,-1.7999999999997272,301,2839404.0
44795.0,-1.800000000000182,301,2840909.0
44800.0,-1.7999999999997272,301,2842414.0
44805.0,-1.800000000000182,301,2843919.0
44810.0,-1.800000000000182,301,2845424.0
44815.0,-1.7999999999997272,301,2846929.0
44820.0,-1.800000000000182,301,2848434.0
44825.0,-1.7999999999997272,301,2849939.0
44830.0,-1.800000000000182,301,2851444.0
44835.0,-1.800000000000182,301,2852949.0
44840.0,-1.7999999999997272,301,2854454.0
44845.0,-1.800000000000182,301,2855959.0
44850.0,-1.7999999999997272,301,2857464.0
44855.0,-1.800000000000182,301,2858969.0
44860.0,-1.800000000000182,301,2860474.0
44865.0,-1.7999999999997272,301,2861979.0
44870.0,-1.800000000000182,301,2863484.0
44875.0,-1.7999999999997272,301,2864989.0
44880.0,-1.800000000000182,301,2866494.0
44885.0,-1.800000000000182,301,2867999.0
44890.0,-1.7999999999997272,301,2869504.0
44895.0,-1.800000000000182,301,2871009.0
44900.0,-1.7999999999997272,301,2872514.0
44905.0,-1.800000000000182,301,2874019.0
44910.0,-1.800000000000182,301,2875524.0
44915.0,-1.7999999999997272,301,2877029.0
44920.0,-1.800000000000182,301,2878534.0
44925.0,-1.7999999999997272,301,2880039.0
44930.0,-1.800000000000182,301,2881544.0
44935.0,-1.800000000000182,301,2883049.0
44940.0,-1.7999999999997272,301,2884554.0
44945.0,-1.800000000000182,301,2886059.0
44950.0,-1.7999999999997272,301,2887564.0
44955.0,-1.800000000000182,301,2889069.0
44960.0,-1.800000000000182,301,2890574.0
44965.0,-1.7999999999997272,301,2892079.0
44970.0,-1.800000000000182,301,2893584.0
44975.0,-1.7999999999997272,301,2895089.0
44980.0,-1.800000000000182,301,2896594.0
44985.0,-1.800000000000182,301,2898099.0
44990.0,-1.7999999999997272,301,2899604.0
44995.0,-1.800000000000182,301,2901109.0
45000.0,-1.7999999999997272,301,2902614.0
45005.0,-1.800000000000182,301,2904119.0
45010.0,-1.800000000000182,301,2905624.0
45015.0,-1.7999999999997272,301,2907129.0
45020.0,-1.800000000000182,301,2908634.0
45025.0,-1.7999999999997272,301,2910139.0
45030.0,-1.800000000000182,301,2911644.0
45035.0,-1.800000000000182,301,2913149.0
45040.0,-1.7999999999997272,301,2914654.0
45045.0,-1.800000000000182,301,2916159.0
45050.0,-1.7999999999997272,301,2917664.0
45055.0,-1.800000000000182,301,2919169.0
45060.0,-1.800000000000182,301,2920674.0
45065.0,-1.7999999999997272,301,2922179.0
45070.0,-1.800000000000182,301,2923684.0
45075.0,-1.7999999999997272,301,2925189.0
45080.0,-1.800000000000182,301,2926694.0
45085.0,-1.800000000000182,301,2928199.0
45090.0,-1.7999999999997272,301,2929704.0
45095.0,-1.800000000000182,301,2931209.0
45100.0,-1.7999999999997272,301,2932714.0
45105.0,-1.800000000000182,301,2934219.0
45110.0,-1.800000000000182,301,2935724.0
45115.0,-1.7999999999997272,301,2937229.0
45120.0,-1.800000000000182,301,2938734.0
45125.0,-1.7999999999997272,301,2940239.0
45130.0,-1.800000000000182,301,2941744.0
45135.0,-1.800000000000182,301,2943249.0
45140.0,-1.7999999999997272,301,2944754.0
45145.0,-1.800000000000182,301,2946259.0
45150.0,-1.7999999999997272,301,2947764.0
45155.0,-1.800000000000182,301,2949269.0
45160.0,-1.800000000000182,301,2950774.0
45165.0,-1.7999999999997272,301,2952279.0
45170.0,-1.800000000000182,301,2953784.0
45175.0,-1.7999999999997272,301,2955289.0
45180.0,-1.800000000000182,301,2956794.0
45185.0,-1.800000000000182,301,2958299.0
45190.0,-1.7999999999997272,301,2959804.0
45195.0,-1.800000000000182,301,2961309.0
45200.0,-1.7999999999997272,301,2962814.0
45205.0,-1.800000000000182,301,2964319.0
45210.0,-1.800000000000182,301,2965824.0
45215.0,-1.7999999999997272,301,2967329.0
45220.0,-1.800000000000182,301,2968834.0
45225.0,-1.7999999999997272,301,2970339.0
45230.0,-1.800000000000182,301,2971844.0
45235.0,-1.800000000000182,301,2973349.0
45240.0,-1.7999999999997272,301,2974848.0
45245.0,-1.800000000000182,301,2976319.0
45250.0,-1.7999999999997272,301,2977728.0
45255.0,-1.800000000000182,301,2979105.0
45260.0,-1.800000000000182,301,2980438.0
45265.0,-1.7999999999997272,301,2981712.0
45270.0,-1.800000000000182,301,2982961.0
45275.0,-1.7999999999997272,301,2984264.0
45280.0,-1.800000000000182,301,2985668.0
45285.0,-1.800000000000182,301,2987089.0
45290.0,-1.7999999999997272,301,2988497.0
45295.0,-1.800000000000182,301,2989870.0
45300.0,-1.7999999999997272,301,2991172.0
45305.0,-1.800000000000182,301,2992317.0
45310.0,-1.800000000000182,301,2993281.0
45315.0,-1.7999999999997272,301,2994153.0
45320.0,-1.800000000000182,301,2994944.0
45325.0,-1.7999999999997272,301,2995599.0
45330.0,-1.75,301,2996174.0
45335.0,-1.5900000000001455,301,2996761.0
45340.0,-1.4600000000000364,301,2997414.0
45345.0,-1.6300000000001091,301,2998219.0
45350.0,-1.7999999999997272,301,2999236.0
45355.0,-1.7899999999999636,301,3000426.0
45360.0,-1.7899999999999636,301,3001622.0
45365.0,-1.7700000000004366,301,3002672.0
45370.0,-1.569999999999709,301,3003536.0
45375.0,-1.2800000000002,301,3004180.0
45380.0,-0.9699999999997999,301,3004548.0
45385.0,-0.6700000000000728,301,3004692.0
45390.0,-0.3400000000001455,301,3004730.0
45395.0,-0.1499999999996362,301,3004733.0
45400.0,-0.010000000000218279,301,3004733.0
45405.0,0.0,301,3004733.0
45410.0,0.0,301,3004733.0
45415.0,0.0,301,3004733.0
45420.0,0.0,301,3004733.0
45425.0,0.0,301,3004733.0
45430.0,0.0,301,3004733.0
45435.0,0.0,301,3004733.0
45440.0,0.0,301,3004733.0
45445.0,0.0,301,3004733.0
45450.0,0.0,301,3004733.0
45455.0,0.0,301,3004733.0
45460.0,0.0,301,3004733.0
45465.0,0.0,301,3004733.0
45470.0,0.0,301,3004733.0
45475.0,0.0,301,3004733.0
45480.0,0.0,301,3004733.0
45485.0,0.0,301,3004733.0
45490.0,0.0,301,3004733.0
45495.0,0.0,301,3004733.0
45500.0,0.0,301,3004733.0
45505.0,0.0,301,3004733.0
45510.0,0.0,301,3004733.0
45515.0,0.0,301,3004733.0
45520.0,0.0,301,3004733.0
45525.0,0.0,301,3004733.0
45530.0,0.0,301,3004733.0
45535.0,0.0,301,3004733.0
45540.0,0.0,301,3004733.0
45545.0,0.0,301,3004733.0
45550.0,0.0,301,3004733.0
45555.0,0.0,301,3004733.0
45560.0,0.0,301,3004733.0
45565.0,0.0,301,3004733.0
45570.0,0.0,301,3004733.0
45575.0,0.0,301,3004733.0
45580.0,0.0,301,3004733.0
45585.0,0.0,301,3004733.0
45590.0,0.0,301,3004733.0
45595.0,0.0,301,3004733.0
45600.0,0.0,301,3004733.0
45605.0,0.0,301,3004733.0
45610.0,0.0,301,3004733.0
45615.0,0.0,301,3004733.0
45620.0,0.0,301,3004733.0
45625.0,0.0,301,3004733.0
45630.0,0.0,301,3004733.0
45635.0,0.0,301,3004733.0
45640.0,0.0,301,3004733.0
45645.0,0.0,301,3004733.0
45650.0,0.0,301,3004733.0
45655.0,0.0,301,3004733.0
45660.0,0.0,301,3004733.0
45665.0,0.0,301,3004733.0
45670.0,0.0,301,3004733.0
45675.0,0.0,301,3004733.0
45680.0,0.0,301,3004733.0
45685.0,0.0,301,3004733.0
45690.0,0.0,301,3004733.0
45695.0,0.0,301,3004733.0
45700.0,0.0,301,3004733.0
45705.0,0.0,301,3004733.0
45710.0,0.0,301,3004733.0
45715.0,0.0,301,3004733.0
45720.0,0.0,301,3004733.0
45725.0,0.0,301,3004733.0
45730.0,0.0,301,3004733.0
45735.0,0.0,301,3004733.0
45740.0,0.0,301,3004733.0
45745.0,0.0,301,3004733.0
45750.0,0.0,301,3004733.0
45755.0,0.0,301,3004733.0
45760.0,0.0,301,3004733.0
45765.0,0.0,301,3004733.0
45770.0,0.0,301,3004733.0
45775.0,0.0,301,3004733.0
45780.0,0.0,301,3004733.0
45785.0,0.0,301,3004733.0
45790.0,0.0,301,3004733.0
45795.0,0.0,301,3004733.0
45800.0,0.0,301,3004733.0
45805.0,0.0,301,3004733.0
45810.0,0.0,301,3004733.0
45815.0,0.0,301,3004733.0
45820.0,0.0,301,3004733.0
45825.0,0.0,301,3004733.0
45830.0,0.0,301,3004733.0
45835.0,0.0,301,3004733.0
45840.0,0.0,301,3004733.0
45845.0,0.0,301,3004733.0
45850.0,0.0,301,3004733.0
45855.0,0.0,301,3004733.0
45860.0,0.0,301,3004733.0
45865.0,0.0,301,3004733.0
45870.0,0.0,301,3004733.0
45875.0,0.0,301,3004733.0
45880.0,0.0,301,3004733.0
45885.0,0.0,301,3004733.0
45890.0,0.0,301,3004733.0
45895.0,0.0,301,3004733.0
45900.0,0.0,301,3004733.0
45905.0,0.0,301,3004733.0
45910.0,0.0,301,3004733.0
45915.0,0.0,301,3004733.0
45920.0,0.0,301,3004733.0
45925.0,0.0,301,3004733.0
45930.0,0.0,301,3004733.0
45935.0,0.0,301,3004733.0
45940.0,0.0,301,3004733.0
45945.0,0.0,301,3004733.0
45950.0,0.0,301,3004733.0
45955.0,0.0,301,3004733.0
45960.0,0.0,301,3004733.0
45965.0,0.0,301,3004733.0
45970.0,0.0,301,3004733.0
45975.0,0.0,301,3004733.0
45980.0,0.0,301,3004733.0
45985.0,0.0,301,3004733.0
45990.0,0.0,301,3004733.0
45995.0,0.0,301,3004733.0
46000.0,0.0,301,3004733.0
46005.0,0.0,301,3004733.0
46010.0,0.0,301,3004733.0
46015.0,0.0,301,3004733.0
46020.0,0.0,301,3004733.0
46025.0,0.0,301,3004733.0
46030.0,0.0,301,3004733.0
46035.0,0.0,301,3004733.0
46040.0,0.0,301,3004733.0
46045.0,0.0,301,3004733.0
46050.0,0.0,301,3004733.0
46055.0,0.0,301,3004733.0
46060.0,0.0,301,3004733.0
46065.0,0.0,301,3004733.0
46070.0,0.0,301,3004733.0
46075.0,0.0,301,3004733.0
46080.0,0.0,301,3004733.0
46085.0,0.0,301,3004733.0
46090.0,0.0,301,3004733.0
46095.0,0.0,301,3004733.0
46100.0,0.0,301,3004733.0
46105.0,0.0,301,3004733.0
46110.0,0.0,301,3004733.0
46115.0,0.0,301,3004733.0
46120.0,0.0,301,3004733.0
46125.0,0.0,301,3004733.0
46130.0,0.0,301,3004733.0
46135.0,0.0,301,3004733.0
46140.0,0.0,301,3004733.0
46145.0,0.0,301,3004733.0
46150.0,0.0,301,3004733.0
46155.0,0.0,301,3004733.0
46160.0,0.0,301,3004733.0
46165.0,0.0,301,3004733.0
46170.0,0.0,301,3004733.0
46175.0,0.0,301,3004733.0
46180.0,0.0,301,3004733.0
46185.0,0.0,301,3004733.0
46190.0,0.0,301,3004733.0
46195.0,0.0,301,3004733.0
46200.0,0.0,301,3004733.0
46205.0,0.0,301,3004733.0
46210.0,0.0,301,3004733.0
46215.0,0.0,301,3004733.0
46220.0,0.0,301,3004733.0
46225.0,0.0,301,3004733.0
46230.0,0.0,301,3004733.0
46235.0,0.0,301,3004733.0
46240.0,0.0,301,3004733.0
46245.0,0.0,301,3004733.0
46250.0,0.0,301,3004733.0
46255.0,0.0,301,3004733.0
46260.0,0.0,301,3004733.0
46265.0,0.0,301,3004733.0
46270.0,0.0,301,3004733.0
46275.0,0.0,301,3004733.0
46280.0,0.0,301,3004733.0
46285.0,0.0,301,3004733.0
46290.0,0.0,301,3004733.0
46295.0,0.0,301,3004733.0
46300.0,0.0,301,3004733.0
46305.0,0.0,301,3004733.0
46310.0,0.0,301,3004733.0
46315.0,0.0,301,3004733.0
46320.0,0.0,301,3004733.0
46325.0,0.0,301,3004733.0
46330.0,0.0,301,3004733.0
46335.0,0.0,301,3004733.0
46340.0,0.0,301,3004733.0
46345.0,0.0,301,3004733.0
46350.0,0.0,301,3004733.0
46355.0,0.0,301,3004733.0
46360.0,0.0,301,3004733.0
46365.0,0.0,301,3004733.0
46370.0,0.0,301,3004733.0
46375.0,0.0,301,3004733.0
46380.0,0.0,301,3004733.0
46385.0,0.0,301,3004733.0
46390.0,0.0,301,3004733.0
46395.0,0.0,301,3004733.0
46400.0,0.0,301,3004733.0
46405.0,0.0,301,3004733.0
46410.0,0.0,301,3004733.0
46415.0,0.0,301,3004733.0
46420.0,0.0,301,3004733.0
46425.0,0.0,301,3004733.0
46430.0,0.0,301,3004733.0
46435.0,0.0,301,3004733.0
46440.0,0.0,301,3004733.0
46445.0,0.0,301,3004733.0
46450.0,0.0,301,3004733.0
46455.0,0.0,301,3004733.0
46460.0,0.0,301,3004733.0
46465.0,0.0,301,3004733.0
46470.0,0.0,301,3004733.0
46475.0,0.0,301,3004733.0
46480.0,0.0,301,3004733.0
46485.0,0.0,301,3004733.0
46490.0,0.0,301,3004733.0
46495.0,0.0,301,3004733.0
46500.0,0.0,301,3004733.0
46505.0,0.0,301,3004733.0
46510.0,0.0,301,3004733.0
46515.0,0.0,301,3004733.0
46520.0,0.0,301,3004733.0
46525.0,0.0,301,3004733.0
46530.0,0.0,301,3004733.0
46535.0,0.0,301,3004733.0
46540.0,0.0,301,3004733.0
46545.0,0.0,301,3004733.0
46550.0,0.0,301,3004733.0
46555.0,0.0,301,3004733.0
46560.0,0.0,301,3004733.0
46565.0,0.0,301,3004733.0
46570.0,0.0,301,3004733.0
46575.0,0.0,301,3004733.0
46580.0,0.0,301,3004733.0
46585.0,0.0,301,3004733.0
46590.0,0.0,301,3004733.0
46595.0,0.0,301,3004733.0
46600.0,0.0,301,3004733.0
46605.0,0.0,301,3004733.0
46610.0,0.0,301,3004733.0
46615.0,0.0,301,3004733.0
46620.0,0.0,301,3004733.0
46625.0,0.0,301,3004733.0
46630.0,0.0,301,3004733.0
46635.0,0.0,301,3004733.0
46640.0,0.0,301,3004733.0
46645.0,0.0,301,3004733.0
46650.0,0.0,301,3004733.0
46655.0,0.0,301,3004733.0
46660.0,0.0,301,3004733.0
46665.0,0.0,301,3004733.0
46670.0,0.0,301,3004733.0
46675.0,0.0,301,3004733.0
46680.0,0.0,301,3004733.0
46685.0,0.0,301,3004733.0
46690.0,0.0,301,3004733.0
46695.0,0.0,301,3004733.0
46700.0,0.0,301,3004733.0
46705.0,0.0,301,3004733.0
46710.0,0.0,301,3004733.0
46715.0,0.0,301,3004733.0
46720.0,0.0,301,3004733.0
46725.0,0.0,301,3004733.0
46730.0,0.0,301,3004733.0
46735.0,0.0,301,3004733.0
46740.0,0.0,301,3004733.0
46745.0,0.0,301,3004733.0
46750.0,0.0,301,3004733.0
46755.0,0.0,301,3004733.0
46760.0,0.0,301,3004733.0
46765.0,0.0,301,3004733.0
46770.0,0.0,301,3004733.0
46775.0,0.0,301,3004733.0
46780.0,0.0,301,3004733.0
46785.0,0.0,301,3004733.0
46790.0,0.0,301,3004733.0
46795.0,0.0,301,3004733.0
46800.0,0.0,301,3004733.0
46805.0,0.0,301,3004733.0
46810.0,0.0,301,3004733.0
46815.0,0.0,301,3004733.0
46820.0,0.0,301,3004733.0
46825.0,0.0,301,3004733.0
46830.0,0.0,301,3004733.0
46835.0,0.0,301,3004733.0
46840.0,0.0,301,3004733.0
46845.0,0.0,301,3004733.0
46850.0,0.0,301,3004733.0
46855.0,0.0,301,3004733.0
46860.0,0.0,301,3004733.0
46865.0,0.0,301,3004733.0
46870.0,0.0,301,3004733.0
46875.0,0.0,301,3004733.0
46880.0,0.0,301,3004733.0
46885.0,0.0,301,3004733.0
46890.0,0.0,301,3004733.0
46895.0,0.0,301,3004733.0
46900.0,0.0,301,3004733.0
46905.0,0.0,301,3004733.0
46910.0,0.0,301,3004733.0
46915.0,0.0,301,3004733.0
46920.0,0.0,301,3004733.0
46925.0,0.0,301,3004733.0
46930.0,0.0,301,3004733.0
46935.0,0.0,301,3004733.0
46940.0,0.0,301,3004733.0
46945.0,0.0,301,3004733.0
46950.0,0.0,301,3004733.0
46955.0,0.0,301,3004733.0
46960.0,0.0,301,3004733.0
46965.0,0.0,301,3004733.0
46970.0,0.0,301,3004733.0
46975.0,0.0,301,3004733.0
46980.0,0.0,301,3004733.0
46985.0,0.0,301,3004733.0
46990.0,0.0,301,3004733.0
46995.0,0.0,301,3004733.0
47000.0,0.0,301,3004733.0
47005.0,0.0,301,3004733.0
47010.0,0.0,301,3004733.0
47015.0,0.0,301,3004733.0
47020.0,0.0,301,3004733.0
47025.0,0.0,301,3004733.0
47030.0,0.0,301,3004733.0
47035.0,0.0,301,3004733.0
47040.0,0.0,301,3004733.0
47045.0,0.0,301,3004733.0
47050.0,0.0,301,3004733.0
47055.0,0.0,301,3004733.0
47060.0,0.0,301,3004733.0
47065.0,0.0,301,3004733.0
47070.0,0.0,301,3004733.0
47075.0,0.0,301,3004733.0
47080.0,0.0,301,3004733.0
47085.0,0.0,301,3004733.0
47090.0,0.0,301,3004733.0
47095.0,0.0,301,3004733.0
47100.0,0.0,301,3004733.0
47105.0,0.0,301,3004733.0
47110.0,0.0,301,3004733.0
47115.0,0.0,301,3004733.0
47120.0,0.0,301,3004733.0
47125.0,0.0,301,3004733.0
47130.0,0.0,301,3004733.0
47135.0,0.0,301,3004733.0
47140.0,0.0,301,3004733.0
47145.0,0.0,301,3004733.0
47150.0,0.0,301,3004733.0
47155.0,0.0,301,3004733.0
47160.0,0.0,301,3004733.0
47165.0,0.0,301,3004733.0
47170.0,0.0,301,3004733.0
47175.0,0.0,301,3004733.0
47180.0,0.0,301,3004733.0
47185.0,0.0,301,3004733.0
47190.0,0.0,301,3004733.0
47195.0,0.0,301,3004733.0
47200.0,0.0,301,3004733.0
47205.0,0.0,301,3004733.0
47210.0,0.0,301,3004733.0
47215.0,0.0,301,3004733.0
47220.0,0.0,301,3004733.0
47225.0,0.0,301,3004733.0
47230.0,0.0,301,3004733.0
47235.0,0.0,301,3004733.0
47240.0,0.0,301,3004733.0
47245.0,0.0,301,3004733.0
47250.0,0.0,301,3004733.0
47255.0,0.0,301,3004733.0
47260.0,0.0,301,3004733.0
47265.0,0.0,301,3004733.0
47270.0,0.0,301,3004733.0
47275.0,0.0,301,3004733.0
47280.0,0.0,301,3004733.0
47285.0,0.0,301,3004733.0
47290.0,0.0,301,3004733.0
47295.0,0.0,301,3004733.0
47300.0,0.0,301,3004733.0
47305.0,0.0,301,3004733.0
47310.0,0.0,301,3004733.0
47315.0,0.0,301,3004733.0
47320.0,0.0,301,3004733.0
47325.0,0.0,301,3004733.0
47330.0,0.0,301,3004733.0
47335.0,0.0,301,3004733.0
47340.0,0.0,301,3004733.0
47345.0,0.0,301,3004733.0
47350.0,0.0,301,3004733.0
47355.0,0.0,301,3004733.0
47360.0,0.0,301,3004733.0
47365.0,0.0,301,3004733.0
47370.0,0.0,301,3004733.0
47375.0,0.0,301,3004733.0
47380.0,0.0,301,3004733.0
47385.0,0.0,301,3004733.0
47390.0,0.0,301,3004733.0
47395.0,0.0,301,3004733.0
47400.0,0.0,301,3004733.0
47405.0,0.0,301,3004733.0
47410.0,0.0,301,3004733.0
47415.0,0.0,301,3004733.0
47420.0,0.0,301,3004733.0
47425.0,0.0,301,3004733.0
47430.0,0.0,301,3004733.0
47435.0,0.0,301,3004733.0
47440.0,0.0,301,3004733.0
47445.0,0.0,301,3004733.0
47450.0,0.0,301,3004733.0
47455.0,0.0,301,3004733.0
47460.0,0.0,301,3004733.0
47465.0,0.0,301,3004733.0
47470.0,0.0,301,3004733.0
47475.0,0.0,301,3004733.0
47480.0,0.0,301,3004733.0
47485.0,0.0,301,3004733.0
47490.0,0.0,301,3004733.0
47495.0,0.0,301,3004733.0
47500.0,0.0,301,3004733.0
47505.0,0.0,301,3004733.0
47510.0,0.0,301,3004733.0
47515.0,0.0,301,3004733.0
47520.0,0.0,301,3004733.0
47525.0,0.0,301,3004733.0
47530.0,0.0,301,3004733.0
47535.0,0.0,301,3004733.0
47540.0,0.0,301,3004733.0
47545.0,0.0,301,3004733.0
47550.0,0.0,301,3004733.0
47555.0,0.0,301,3004733.0
47560.0,0.0,301,3004733.0
47565.0,0.0,301,3004733.0
47570.0,0.0,301,3004733.0
47575.0,0.0,301,3004733.0
47580.0,0.0,301,3004733.0
47585.0,0.0,301,3004733.0
47590.0,0.0,301,3004733.0
47595.0,0.0,301,3004733.0
47600.0,0.0,301,3004733.0
47605.0,0.0,301,3004733.0
47610.0,0.0,301,3004733.0
47615.0,0.0,301,3004733.0
47620.0,0.0,301,3004733.0
47625.0,0.0,301,3004733.0
47630.0,0.0,301,3004733.0
47635.0,0.0,301,3004733.0
47640.0,0.0,301,3004733.0
47645.0,0.0,301,3004733.0
47650.0,0.0,301,3004733.0
47655.0,0.0,301,3004733.0
47660.0,0.0,301,3004733.0
47665.0,0.0,301,3004733.0
47670.0,0.0,301,3004733.0
47675.0,0.0,301,3004733.0
47680.0,0.0,301,3004733.0
47685.0,0.0,301,3004733.0
47690.0,0.0,301,3004733.0
47695.0,0.0,301,3004733.0
47700.0,0.0,301,3004733.0
47705.0,0.0,301,3004733.0
47710.0,0.0,301,3004733.0
47715.0,0.0,301,3004733.0
47720.0,0.0,301,3004733.0
47725.0,0.0,301,3004733.0
47730.0,0.0,301,3004733.0
47735.0,0.0,301,3004733.0
47740.0,0.0,301,3004733.0
47745.0,0.0,301,3004733.0
47750.0,0.0,301,3004733.0
47755.0,0.0,301,3004733.0
47760.0,0.0,301,3004733.0
47765.0,0.0,301,3004733.0
47770.0,0.0,301,3004733.0
47775.0,0.0,301,3004733.0
47780.0,0.0,301,3004733.0
47785.0,0.0,301,3004733.0
47790.0,0.0,301,3004733.0
47795.0,0.0,301,3004733.0
47800.0,0.0,301,3004733.0
47805.0,0.0,301,3004733.0
47810.0,0.0,301,3004733.0
47815.0,0.0,301,3004733.0
47820.0,0.0,301,3004733.0
47825.0,0.0,301,3004733.0
47830.0,0.0,301,3004733.0
47835.0,0.0,301,3004733.0
47840.0,0.0,301,3004733.0
47845.0,0.0,301,3004733.0
47850.0,0.0,301,3004733.0
47855.0,0.0,301,3004733.0
47860.0,0.0,301,3004733.0
47865.0,0.0,301,3004733.0
47870.0,0.0,301,3004733.0
47875.0,0.0,301,3004733.0
47880.0,0.0,301,3004733.0
47885.0,0.0,301,3004733.0
47890.0,0.0,301,3004733.0
47895.0,0.0,301,3004733.0
47900.0,0.0,301,3004733.0
47905.0,0.0,301,3004733.0
47910.0,0.0,301,3004733.0
47915.0,0.0,301,3004733.0
47920.0,0.0,301,3004733.0
47925.0,0.0,301,3004733.0
47930.0,0.0,301,3004733.0
47935.0,0.0,301,3004733.0
47940.0,0.0,301,3004733.0
47945.0,0.0,301,3004733.0
47950.0,0.0,301,3004733.0
47955.0,0.0,301,3004733.0
47960.0,0.0,301,3004733.0
47965.0,0.0,301,3004733.0
47970.0,0.0,301,3004733.0
47975.0,0.0,301,3004733.0
47980.0,0.0,301,3004733.0
47985.0,0.0,301,3004733.0
47990.0,0.0,301,3004733.0
47995.0,0.0,301,3004733.0
48000.0,0.0,301,3004733.0
48005.0,0.0,301,3004733.0
48010.0,0.0,301,3004733.0
48015.0,0.0,301,3004733.0
48020.0,0.0,301,3004733.0
48025.0,0.0,301,3004733.0
48030.0,0.0,301,3004733.0
48035.0,0.0,301,3004733.0
48040.0,0.0,301,3004733.0
48045.0,0.0,301,3004733.0
48050.0,0.0,301,3004733.0
48055.0,0.0,301,3004733.0
48060.0,0.0,301,3004733.0
48065.0,0.0,301,3004733.0
48070.0,0.0,301,3004733.0
48075.0,0.0,301,3004733.0
48080.0,0.0,301,3004733.0
48085.0,0.0,301,3004733.0
48090.0,0.0,301,3004733.0
48095.0,0.0,301,3004733.0
48100.0,0.0,301,3004733.0
48105.0,0.0,301,3004733.0
48110.0,0.0,301,3004733.0
48115.0,0.0,301,3004733.0
48120.0,0.0,301,3004733.0
48125.0,0.0,301,3004733.0
48130.0,0.0,301,3004733.0
48135.0,0.0,301,3004733.0
48140.0,0.0,301,3004733.0
48145.0,0.0,301,3004733.0
48150.0,0.0,301,3004733.0
48155.0,0.0,301,3004733.0
48160.0,0.0,301,3004733.0
48165.0,0.0,301,3004733.0
48170.0,0.0,301,3004733.0
48175.0,0.0,301,3004733.0
48180.0,0.0,301,3004733.0
48185.0,0.0,301,3004733.0
48190.0,0.0,301,3004733.0
48195.0,0.0,301,3004733.0
48200.0,0.0,301,3004733.0
48205.0,0.0,301,3004733.0
48210.0,0.0,301,3004733.0
48215.0,0.0,301,3004733.0
48220.0,0.0,301,3004733.0
48225.0,0.0,301,3004733.0
48230.0,0.0,301,3004733.0
48235.0,0.0,301,3004733.0
48240.0,0.0,301,3004733.0
48245.0,0.0,301,3004733.0
48250.0,0.0,301,3004733.0
48255.0,0.0,301,3004733.0
48260.0,0.0,301,3004733.0
48265.0,0.0,301,3004733.0
48270.0,0.0,301,3004733.0
48275.0,0.0,301,3004733.0
48280.0,0.0,301,3004733.0
48285.0,0.0,301,3004733.0
48290.0,0.0,301,3004733.0
48295.0,0.0,301,3004733.0
48300.0,0.0,301,3004733.0
48305.0,0.0,301,3004733.0
48310.0,0.0,301,3004733.0
48315.0,0.0,301,3004733.0
48320.0,0.0,301,3004733.0
48325.0,0.0,301,3004733.0
48330.0,0.0,301,3004733.0
48335.0,0.0,301,3004733.0
48340.0,0.0,301,3004733.0
48345.0,0.0,301,3004733.0
48350.0,0.0,301,3004733.0
48355.0,0.0,301,3004733.0
48360.0,0.0,301,3004733.0
48365.0,0.0,301,3004733.0
48370.0,0.0,301,3004733.0
48375.0,0.0,301,3004733.0
48380.0,0.0,301,3004733.0
48385.0,0.0,301,3004733.0
48390.0,0.0,301,3004733.0
48395.0,0.0,301,3004733.0
48400.0,0.0,301,3004733.0
48405.0,0.0,301,3004733.0
48410.0,0.0,301,3004733.0
48415.0,0.0,301,3004733.0
48420.0,0.0,301,3004733.0
48425.0,0.0,301,3004733.0
48430.0,0.0,301,3004733.0
48435.0,0.0,301,3004733.0
48440.0,0.0,301,3004733.0
48445.0,0.0,301,3004733.0
48450.0,0.0,301,3004733.0
48455.0,0.0,301,3004733.0
48460.0,0.0,301,3004733.0
48465.0,0.0,301,3004733.0
48470.0,0.0,301,3004733.0
48475.0,0.0,301,3004733.0
48480.0,0.0,301,3004733.0
48485.0,0.0,301,3004733.0
48490.0,0.0,301,3004733.0
48495.0,0.0,301,3004733.0
48500.0,0.0,301,3004733.0
48505.0,0.0,301,3004733.0
48510.0,0.0,301,3004733.0
48515.0,0.0,301,3004733.0
48520.0,0.0,301,3004733.0
48525.0,0.0,301,3004733.0
48530.0,0.0,301,3004733.0
48535.0,0.0,301,3004733.0
48540.0,0.0,301,3004733.0
48545.0,0.0,301,3004733.0
48550.0,0.0,301,3004733.0
48555.0,0.0,301,3004733.0
48560.0,0.0,301,3004733.0
48565.0,0.0,301,3004733.0
48570.0,0.0,301,3004733.0
48575.0,0.0,301,3004733.0
48580.0,0.0,301,3004733.0
48585.0,0.0,301,3004733.0
48590.0,0.0,301,3004733.0
48595.0,0.0,301,3004733.0
48600.0,0.0,301,3004733.0
48605.0,0.0,301,3004733.0
48610.0,0.0,301,3004733.0
48615.0,0.0,301,3004733.0
48620.0,0.0,301,3004733.0
48625.0,0.0,301,3004733.0
48630.0,0.0,301,3004733.0
48635.0,0.0,301,3004733.0
48640.0,0.0,301,3004733.0
48645.0,0.0,301,3004733.0
48650.0,0.0,301,3004733.0
48655.0,0.0,301,3004733.0
48660.0,0.0,301,3004733.0
48665.0,0.0,301,3004733.0
48670.0,0.0,301,3004733.0
48675.0,0.0,301,3004733.0
48680.0,0.0,301,3004733.0
48685.0,0.0,301,3004733.0
48690.0,0.0,301,3004733.0
48695.0,0.0,301,3004733.0
48700.0,0.0,301,3004733.0
48705.0,0.0,301,3004733.0
48710.0,0.0,301,3004733.0
48715.0,0.0,301,3004733.0
48720.0,0.0,301,3004733.0
48725.0,0.0,301,3004733.0
48730.0,0.0,301,3004733.0
48735.0,0.0,301,3004733.0
48740.0,0.0,301,3004733.0
48745.0,0.0,301,3004733.0
48750.0,0.0,301,3004733.0
48755.0,0.0,301,3004733.0
48760.0,0.0,301,3004733.0
48765.0,0.0,301,3004733.0
48770.0,0.0,301,3004733.0
48775.0,0.0,301,3004733.0
48780.0,0.0,301,3004733.0
48785.0,0.0,301,3004733.0
48790.0,0.0,301,3004733.0
48795.0,0.0,301,3004733.0
48800.0,0.0,301,3004733.0
48805.0,0.0,301,3004733.0
48810.0,0.0,301,3004733.0
48815.0,0.0,301,3004733.0
48820.0,0.0,301,3004733.0
48825.0,0.0,301,3004733.0
48830.0,0.0,301,3004733.0
48835.0,0.0,301,3004733.0
48840.0,0.0,301,3004733.0
48845.0,0.0,301,3004733.0
48850.0,0.0,301,3004733.0
48855.0,0.0,301,3004733.0
48860.0,0.0,301,3004733.0
48865.0,0.0,301,3004733.0
48870.0,0.0,301,3004733.0
48875.0,0.0,301,3004733.0
48880.0,0.0,301,3004733.0
48885.0,0.0,301,3004733.0
48890.0,0.0,301,3004733.0
48895.0,0.0,301,3004733.0
48900.0,0.0,301,3004733.0
48905.0,0.0,301,3004733.0
48910.0,0.0,301,3004733.0
48915.0,0.0,301,3004733.0
48920.0,0.0,301,3004733.0
48925.0,0.0,301,3004733.0
48930.0,0.0,301,3004733.0
48935.0,0.0,301,3004733.0
48940.0,0.0,301,3004733.0
48945.0,0.0,301,3004733.0
48950.0,0.0,301,3004733.0
48955.0,0.0,301,3004733.0
48960.0,0.0,301,3004733.0
48965.0,0.0,301,3004733.0
48970.0,0.0,301,3004733.0
48975.0,0.0,301,3004733.0
48980.0,0.0,301,3004733.0
48985.0,0.0,301,3004733.0
48990.0,0.0,301,3004733.0
48995.0,0.0,301,3004733.0
49000.0,0.0,301,3004733.0
49005.0,0.0,301,3004733.0
49010.0,0.0,301,3004733.0
49015.0,0.0,301,3004733.0
49020.0,0.0,301,3004733.0
49025.0,0.0,301,3004733.0
49030.0,0.0,301,3004733.0
49035.0,0.0,301,3004733.0
49040.0,0.0,301,3004733.0
49045.0,0.0,301,3004733.0
49050.0,0.0,301,3004733.0
49055.0,0.0,301,3004733.0
49060.0,0.0,301,3004733.0
49065.0,0.0,301,3004733.0
49070.0,0.0,301,3004733.0
49075.0,0.0,301,3004733.0
49080.0,0.0,301,3004733.0
49085.0,0.0,301,3004733.0
49090.0,0.0,301,3004733.0
49095.0,0.0,301,3004733.0
49100.0,0.0,301,3004733.0
49105.0,0.0,301,3004733.0
49110.0,0.0,301,3004733.0
49115.0,0.0,301,3004733.0
49120.0,0.0,301,3004733.0
49125.0,0.0,301,3004733.0
49130.0,0.0,301,3004733.0
49135.0,0.0,301,3004733.0
49140.0,0.0,301,3004733.0
49145.0,0.0,301,3004733.0
49150.0,0.0,301,3004733.0
49155.0,0.0,301,3004733.0
49160.0,0.0,301,3004733.0
49165.0,0.0,301,3004733.0
49170.0,0.0,301,3004733.0
49175.0,0.0,301,3004733.0
49180.0,0.0,301,3004733.0
49185.0,0.0,301,3004733.0
49190.0,0.0,301,3004733.0
49195.0,0.0,301,3004733.0
49200.0,0.0,301,3004733.0
49205.0,0.0,301,3004733.0
49210.0,0.0,301,3004733.0
49215.0,0.0,301,3004733.0
49220.0,0.0,301,3004733.0
49225.0,0.0,301,3004733.0
49230.0,0.0,301,3004733.0
49235.0,0.0,301,3004733.0
49240.0,0.0,301,3004733.0
49245.0,0.0,301,3004733.0
49250.0,0.0,301,3004733.0
49255.0,0.0,301,3004733.0
49260.0,0.0,301,3004733.0
49265.0,0.0,301,3004733.0
49270.0,0.0,301,3004733.0
49275.0,0.0,301,3004733.0
49280.0,0.0,301,3004733.0
49285.0,0.0,301,3004733.0
49290.0,0.0,301,3004733.0
49295.0,0.0,301,3004733.0
49300.0,0.0,301,3004733.0
49305.0,0.0,301,3004733.0
49310.0,0.0,301,3004733.0
49315.0,0.0,301,3004733.0
49320.0,0.0,301,3004733.0
49325.0,0.0,301,3004733.0
49330.0,0.0,301,3004733.0
49335.0,0.0,301,3004733.0
49340.0,0.0,301,3004733.0
49345.0,0.0,301,3004733.0
49350.0,0.0,301,3004733.0
49355.0,0.0,301,3004733.0
49360.0,0.0,301,3004733.0
49365.0,0.0,301,3004733.0
49370.0,0.0,301,3004733.0
49375.0,0.0,301,3004733.0
49380.0,0.0,301,3004733.0
49385.0,0.0,301,3004733.0
49390.0,0.0,301,3004733.0
49395.0,0.0,301,3004733.0
49400.0,0.0,301,3004733.0
49405.0,0.0,301,3004733.0
49410.0,0.0,301,3004733.0
49415.0,0.0,301,3004733.0
49420.0,0.0,301,3004733.0
49425.0,0.0,301,3004733.0
49430.0,0.0,301,3004733.0
49435.0,0.0,301,3004733.0
49440.0,0.0,301,3004733.0
49445.0,0.0,301,3004733.0
49450.0,0.0,301,3004733.0
49455.0,0.0,301,3004733.0
49460.0,0.0,301,3004733.0
49465.0,0.0,301,3004733.0
49470.0,0.0,301,3004733.0
49475.0,0.0,301,3004733.0
49480.0,0.0,301,3004733.0
49485.0,0.0,301,3004733.0
49490.0,0.0,301,3004733.0
49495.0,0.0,301,3004733.0
49500.0,0.0,301,3004733.0
49505.0,0.0,301,3004733.0
49510.0,0.0,301,3004733.0
49515.0,0.0,301,3004733.0
49520.0,0.0,301,3004733.0
49525.0,0.0,301,3004733.0
49530.0,0.0,301,3004733.0
49535.0,0.0,301,3004733.0
49540.0,0.0,301,3004733.0
49545.0,0.0,301,3004733.0
49550.0,0.0,301,3004733.0
49555.0,0.0,301,3004733.0
49560.0,0.0,301,3004733.0
49565.0,0.0,301,3004733.0
49570.0,0.0,301,3004733.0
49575.0,0.0,301,3004733.0
49580.0,0.0,301,3004733.0
49585.0,0.0,301,3004733.0
49590.0,0.0,301,3004733.0
49595.0,0.0,301,3004733.0
49600.0,0.0,301,3004733.0
49605.0,0.0,301,3004733.0
49610.0,0.0,301,3004733.0
49615.0,0.0,301,3004733.0
49620.0,0.0,301,3004733.0
49625.0,0.0,301,3004733.0
49630.0,0.0,301,3004733.0
49635.0,0.0,301,3004733.0
49640.0,0.0,301,3004733.0
49645.0,0.0,301,3004733.0
49650.0,0.0,301,3004733.0
49655.0,0.0,301,3004733.0
49660.0,0.0,301,3004733.0
49665.0,0.0,301,3004733.0
49670.0,0.0,301,3004733.0
49675.0,0.0,301,3004733.0
49680.0,0.0,301,3004733.0
49685.0,0.0,301,3004733.0
49690.0,0.0,301,3004733.0
49695.0,0.0,301,3004733.0
49700.0,0.0,301,3004733.0
49705.0,0.0,301,3004733.0
49710.0,0.0,301,3004733.0
49715.0,0.0,301,3004733.0
49720.0,0.0,301,3004733.0
49725.0,0.0,301,3004733.0
49730.0,0.0,301,3004733.0
49735.0,0.0,301,3004733.0
49740.0,0.0,301,3004733.0
49745.0,0.0,301,3004733.0
49750.0,0.0,301,3004733.0
49755.0,0.0,301,3004733.0
49760.0,0.0,301,3004733.0
49765.0,0.0,301,3004733.0
49770.0,0.0,301,3004733.0
49775.0,0.0,301,3004733.0
49780.0,0.0,301,3004733.0
49785.0,0.0,301,3004733.0
49790.0,0.0,301,3004733.0
49795.0,0.0,301,3004733.0
49800.0,0.0,301,3004733.0
49805.0,0.0,301,3004733.0
49810.0,0.0,301,3004733.0
49815.0,0.0,301,3004733.0
49820.0,0.0,301,3004733.0
49825.0,0.0,301,3004733.0
49830.0,0.0,301,3004733.0
49835.0,0.0,301,3004733.0
49840.0,0.0,301,3004733.0
49845.0,0.0,301,3004733.0
49850.0,0.0,301,3004733.0
49855.0,0.0,301,3004733.0
49860.0,0.0,301,3004733.0
49865.0,0.0,301,3004733.0
49870.0,0.0,301,3004733.0
49875.0,0.0,301,3004733.0
49880.0,0.0,301,3004733.0
49885.0,0.0,301,3004733.0
49890.0,0.0,301,3004733.0
49895.0,0.0,301,3004733.0
49900.0,0.0,301,3004733.0
49905.0,0.0,301,3004733.0
49910.0,0.0,301,3004733.0
49915.0,0.0,301,3004733.0
49920.0,0.0,301,3004733.0
49925.0,0.0,301,3004733.0
49930.0,0.0,301,3004733.0
49935.0,0.0,301,3004733.0
49940.0,0.0,301,3004733.0
49945.0,0.0,301,3004733.0
49950.0,0.0,301,3004733.0
49955.0,0.0,301,3004733.0
49960.0,0.0,301,3004733.0
49965.0,0.0,301,3004733.0
49970.0,0.0,301,3004733.0
49975.0,0.0,301,3004733.0
49980.0,0.0,301,3004733.0
49985.0,0.0,301,3004733.0
49990.0,0.0,301,3004733.0
49995.0,0.0,301,3004733.0
50000.0,0.0,301,3004733.0
50005.0,0.0,301,3004733.0
50010.0,0.0,301,3004733.0
50015.0,0.0,301,3004733.0
50020.0,0.0,301,3004733.0
50025.0,0.0,301,3004733.0
50030.0,0.0,301,3004733.0
50035.0,0.0,301,3004733.0
50040.0,0.0,301,3004733.0
50045.0,0.0,301,3004733.0
50050.0,0.0,301,3004733.0
50055.0,0.0,301,3004733.0
50060.0,0.0,301,3004733.0
50065.0,0.0,301,3004733.0
50070.0,0.0,301,3004733.0
50075.0,0.0,301,3004733.0
50080.0,0.0,301,3004733.0
50085.0,0.0,301,3004733.0
50090.0,0.0,301,3004733.0
50095.0,0.0,301,3004733.0
50100.0,0.0,301,3004733.0
50105.0,0.0,301,3004733.0
50110.0,0.0,301,3004733.0
50115.0,0.0,301,3004733.0
50120.0,0.0,301,3004733.0
50125.0,0.0,301,3004733.0
50130.0,0.0,301,3004733.0
50135.0,0.0,301,3004733.0
50140.0,0.0,301,3004733.0
50145.0,0.0,301,3004733.0
50150.0,0.0,301,3004733.0
50155.0,0.0,301,3004733.0
50160.0,0.0,301,3004733.0
50165.0,0.0,301,3004733.0
50170.0,0.0,301,3004733.0
50175.0,0.0,301,3004733.0
50180.0,0.0,301,3004733.0
50185.0,0.0,301,3004733.0
50190.0,0.0,301,3004733.0
50195.0,0.0,301,3004733.0
50200.0,0.0,301,3004733.0
50205.0,0.0,301,3004733.0
50210.0,0.0,301,3004733.0
50215.0,0.0,301,3004733.0
50220.0,0.0,301,3004733.0
50225.0,0.0,301,3004733.0
50230.0,0.0,301,3004733.0
50235.0,0.0,301,3004733.0
50240.0,0.0,301,3004733.0
50245.0,0.0,301,3004733.0
50250.0,0.0,301,3004733.0
50255.0,0.0,301,3004733.0
50260.0,0.0,301,3004733.0
50265.0,0.0,301,3004733.0
50270.0,0.0,301,3004733.0
50275.0,0.0,301,3004733.0
50280.0,0.0,301,3004733.0
50285.0,0.0,301,3004733.0
50290.0,0.0,301,3004733.0
50295.0,0.0,301,3004733.0
50300.0,0.0,301,3004733.0
50305.0,0.0,301,3004733.0
50310.0,0.0,301,3004733.0
50315.0,0.0,301,3004733.0
50320.0,0.0,301,3004733.0
50325.0,0.0,301,3004733.0
50330.0,0.0,301,3004733.0
50335.0,0.0,301,3004733.0
50340.0,0.0,301,3004733.0
50345.0,0.0,301,3004733.0
50350.0,0.0,301,3004733.0
50355.0,0.0,301,3004733.0
50360.0,0.0,301,3004733.0
50365.0,0.0,301,3004733.0
50370.0,0.0,301,3004733.0
50375.0,0.0,301,3004733.0
50380.0,0.0,301,3004733.0
50385.0,0.0,301,3004733.0
50390.0,0.0,301,3004733.0
50395.0,0.0,301,3004733.0
50400.0,0.0,301,3004733.0
50405.0,0.0,301,3004733.0
50410.0,0.0,301,3004733.0
50415.0,0.0,301,3004733.0
50420.0,0.0,301,3004733.0
50425.0,0.0,301,3004733.0
50430.0,0.0,301,3004733.0
50435.0,0.0,301,3004733.0
50440.0,0.0,301,3004733.0
50445.0,0.0,301,3004733.0
50450.0,0.0,301,3004733.0
50455.0,0.0,301,3004733.0
50460.0,0.0,301,3004733.0
50465.0,0.0,301,3004733.0
50470.0,0.0,301,3004733.0
50475.0,0.0,301,3004733.0
50480.0,0.0,301,3004733.0
50485.0,0.0,301,3004733.0
50490.0,0.0,301,3004733.0
50495.0,0.0,301,3004733.0
50500.0,0.0,301,3004733.0
50505.0,0.0,301,3004733.0
50510.0,0.0,301,3004733.0
50515.0,0.0,301,3004733.0
50520.0,0.0,301,3004733.0
50525.0,0.0,301,3004733.0
50530.0,0.0,301,3004733.0
50535.0,0.0,301,3004733.0
50540.0,0.0,301,3004733.0
50545.0,0.0,301,3004733.0
50550.0,0.0,301,3004733.0
50555.0,0.0,301,3004733.0
50560.0,0.0,301,3004733.0
50565.0,0.0,301,3004733.0
50570.0,0.0,301,3004733.0
50575.0,0.0,301,3004733.0
50580.0,0.0,301,3004733.0
50585.0,0.0,301,3004733.0
50590.0,0.0,301,3004733.0
50595.0,0.0,301,3004733.0
50600.0,0.0,301,3004733.0
50605.0,0.0,301,3004733.0
50610.0,0.0,301,3004733.0
50615.0,0.0,301,3004733.0
50620.0,0.0,301,3004733.0
50625.0,0.0,301,3004733.0
50630.0,0.0,301,3004733.0
50635.0,0.0,301,3004733.0
50640.0,0.0,301,3004733.0
50645.0,0.0,301,3004733.0
50650.0,0.0,301,3004733.0
50655.0,0.0,301,3004733.0
50660.0,0.0,301,3004733.0
50665.0,0.0,301,3004733.0
50670.0,0.0,301,3004733.0
50675.0,0.0,301,3004733.0
50680.0,0.0,301,3004733.0
50685.0,0.0,301,3004733.0
50690.0,0.0,301,3004733.0
50695.0,0.0,301,3004733.0
50700.0,0.0,301,3004733.0
50705.0,0.0,301,3004733.0
50710.0,0.0,301,3004733.0
50715.0,0.0,301,3004733.0
50720.0,0.0,301,3004733.0
50725.0,0.0,301,3004733.0
50730.0,0.0,301,3004733.0
50735.0,0.0,301,3004733.0
50740.0,0.0,301,3004733.0
50745.0,0.0,301,3004733.0
50750.0,0.0,301,3004733.0
50755.0,0.0,301,3004733.0
50760.0,0.0,301,3004733.0
50765.0,0.0,301,3004733.0
50770.0,0.0,301,3004733.0
50775.0,0.0,301,3004733.0
50780.0,0.0,301,3004733.0
50785.0,0.0,301,3004733.0
50790.0,0.0,301,3004733.0
50795.0,0.0,301,3004733.0
50800.0,0.0,301,3004733.0
50805.0,0.0,301,3004733.0
50810.0,0.0,301,3004733.0
50815.0,0.0,301,3004733.0
50820.0,0.0,301,3004733.0
50825.0,0.0,301,3004733.0
50830.0,0.0,301,3004733.0
50835.0,0.0,301,3004733.0
50840.0,0.0,301,3004733.0
50845.0,0.0,301,3004733.0
50850.0,0.0,301,3004733.0
50855.0,0.0,301,3004733.0
50860.0,0.0,301,3004733.0
50865.0,0.0,301,3004733.0
50870.0,0.0,301,3004733.0
50875.0,0.0,301,3004733.0
50880.0,0.0,301,3004733.0
50885.0,0.0,301,3004733.0
50890.0,0.0,301,3004733.0
50895.0,0.0,301,3004733.0
50900.0,0.0,301,3004733.0
50905.0,0.0,301,3004733.0
50910.0,0.0,301,3004733.0
50915.0,0.0,301,3004733.0
50920.0,0.0,301,3004733.0
50925.0,0.0,301,3004733.0
50930.0,0.0,301,3004733.0
50935.0,0.0,301,3004733.0
50940.0,0.0,301,3004733.0
50945.0,0.0,301,3004733.0
50950.0,0.0,301,3004733.0
50955.0,0.0,301,3004733.0
50960.0,0.0,301,3004733.0
50965.0,0.0,301,3004733.0
50970.0,0.0,301,3004733.0
50975.0,0.0,301,3004733.0
50980.0,0.0,301,3004733.0
50985.0,0.0,301,3004733.0
50990.0,0.0,301,3004733.0
50995.0,0.0,301,3004733.0
51000.0,0.0,301,3004733.0
51005.0,0.0,301,3004733.0
51010.0,0.0,301,3004733.0
51015.0,0.0,301,3004733.0
51020.0,0.0,301,3004733.0
51025.0,0.0,301,3004733.0
51030.0,0.0,301,3004733.0
51035.0,0.0,301,3004733.0
51040.0,0.0,301,3004733.0
51045.0,0.0,301,3004733.0
51050.0,0.0,301,3004733.0
51055.0,0.0,301,3004733.0
51060.0,0.0,301,3004733.0
51065.0,0.0,301,3004733.0
51070.0,0.0,301,3004733.0
51075.0,0.0,301,3004733.0
51080.0,0.0,301,3004733.0
51085.0,0.0,301,3004733.0
51090.0,0.0,301,3004733.0
51095.0,0.0,301,3004733.0
51100.0,0.0,301,3004733.0
51105.0,0.0,301,3004733.0
51110.0,0.0,301,3004733.0
51115.0,0.0,301,3004733.0
51120.0,0.0,301,3004733.0
51125.0,0.0,301,3004733.0
51130.0,0.0,301,3004733.0
51135.0,0.0,301,3004733.0
51140.0,0.0,301,3004733.0
51145.0,0.0,301,3004733.0
51150.0,0.0,301,3004733.0
51155.0,0.0,301,3004733.0
51160.0,0.0,301,3004733.0
51165.0,0.0,301,3004733.0
51170.0,0.0,301,3004733.0
51175.0,0.0,301,3004733.0
51180.0,0.0,301,3004733.0
51185.0,0.0,301,3004733.0
51190.0,0.0,301,3004733.0
51195.0,0.0,301,3004733.0
51200.0,0.0,301,3004733.0
51205.0,0.0,301,3004733.0
51210.0,0.0,301,3004733.0
51215.0,0.0,301,3004733.0
51220.0,0.0,301,3004733.0
51225.0,0.0,301,3004733.0
51230.0,0.0,301,3004733.0
51235.0,0.0,301,3004733.0
51240.0,0.0,301,3004733.0
51245.0,0.0,301,3004733.0
51250.0,0.0,301,3004733.0
51255.0,0.0,301,3004733.0
51260.0,0.0,301,3004733.0
51265.0,0.0,301,3004733.0
51270.0,0.0,301,3004733.0
51275.0,0.0,301,3004733.0
51280.0,0.0,301,3004733.0
51285.0,0.0,301,3004733.0
51290.0,0.0,301,3004733.0
51295.0,0.0,301,3004733.0
51300.0,0.0,301,3004733.0
51305.0,0.0,301,3004733.0
51310.0,0.0,301,3004733.0
51315.0,0.0,301,3004733.0
51320.0,0.0,301,3004733.0
51325.0,0.0,301,3004733.0
51330.0,0.0,301,3004733.0
51335.0,0.0,301,3004733.0
51340.0,0.0,301,3004733.0
51345.0,0.0,301,3004733.0
51350.0,0.0,301,3004733.0
51355.0,0.0,301,3004733.0
51360.0,0.0,301,3004733.0
51365.0,0.0,301,3004733.0
51370.0,0.0,301,3004733.0
51375.0,0.0,301,3004733.0
51380.0,0.0,301,3004733.0
51385.0,0.0,301,3004733.0
51390.0,0.0,301,3004733.0
51395.0,0.0,301,3004733.0
51400.0,0.0,301,3004733.0
51405.0,0.0,301,3004733.0
51410.0,0.0,301,3004733.0
51415.0,0.0,301,3004733.0
51420.0,0.0,301,3004733.0
51425.0,0.0,301,3004733.0
51430.0,0.0,301,3004733.0
51435.0,0.0,301,3004733.0
51440.0,0.0,301,3004733.0
51445.0,0.0,301,3004733.0
51450.0,0.0,301,3004733.0
51455.0,0.0,301,3004733.0
51460.0,0.0,301,3004733.0
51465.0,0.0,301,3004733.0
51470.0,0.0,301,3004733.0
51475.0,0.0,301,3004733.0
51480.0,0.0,301,3004733.0
51485.0,0.0,301,3004733.0
51490.0,0.0,301,3004733.0
51495.0,0.0,301,3004733.0
51500.0,0.0,301,3004733.0
51505.0,0.0,301,3004733.0
51510.0,0.0,301,3004733.0
51515.0,0.0,301,3004733.0
51520.0,0.0,301,3004733.0
51525.0,0.0,301,3004733.0
51530.0,0.0,301,3004733.0
51535.0,0.0,301,3004733.0
51540.0,0.0,301,3004733.0
51545.0,0.0,301,3004733.0
51550.0,0.0,301,3004733.0
51555.0,0.0,301,3004733.0
51560.0,0.0,301,3004733.0
51565.0,0.0,301,3004733.0
51570.0,0.0,301,3004733.0
51575.0,0.0,301,3004733.0
51580.0,0.0,301,3004733.0
51585.0,0.0,301,3004733.0
51590.0,0.0,301,3004733.0
51595.0,0.0,301,3004733.0
51600.0,0.0,301,3004733.0
51605.0,0.0,301,3004733.0
51610.0,0.0,301,3004733.0
51615.0,0.0,301,3004733.0
51620.0,0.0,301,3004733.0
51625.0,0.0,301,3004733.0
51630.0,0.0,301,3004733.0
51635.0,0.0,301,3004733.0
51640.0,0.0,301,3004733.0
51645.0,0.0,301,3004733.0
51650.0,0.0,301,3004733.0
51655.0,0.0,301,3004733.0
51660.0,0.0,301,3004733.0
51665.0,0.0,301,3004733.0
51670.0,0.0,301,3004733.0
51675.0,0.0,301,3004733.0
51680.0,0.0,301,3004733.0
51685.0,0.0,301,3004733.0
51690.0,0.0,301,3004733.0
51695.0,0.0,301,3004733.0
51700.0,0.0,301,3004733.0
51705.0,0.0,301,3004733.0
51710.0,0.0,301,3004733.0
51715.0,0.0,301,3004733.0
51720.0,0.0,301,3004733.0
51725.0,0.0,301,3004733.0
51730.0,0.0,301,3004733.0
51735.0,0.0,301,3004733.0
51740.0,0.0,301,3004733.0
51745.0,0.0,301,3004733.0
51750.0,0.0,301,3004733.0
51755.0,0.0,301,3004733.0
51760.0,0.0,301,3004733.0
51765.0,0.0,301,3004733.0
51770.0,0.0,301,3004733.0
51775.0,0.0,301,3004733.0
51780.0,0.0,301,3004733.0
51785.0,0.0,301,3004733.0
51790.0,0.0,301,3004733.0
51795.0,0.0,301,3004733.0
51800.0,0.0,301,3004733.0
51805.0,0.0,301,3004733.0
51810.0,0.0,301,3004733.0
51815.0,0.0,301,3004733.0
51820.0,0.0,301,3004733.0
51825.0,0.0,301,3004733.0
51830.0,0.0,301,3004733.0
51835.0,0.0,301,3004733.0
51840.0,0.0,301,3004733.0
51845.0,0.0,301,3004733.0
51850.0,0.0,301,3004733.0
51855.0,0.0,301,3004733.0
51860.0,0.0,301,3004733.0
51865.0,0.0,301,3004733.0
51870.0,0.0,301,3004733.0
51875.0,0.0,301,3004733.0
51880.0,0.0,301,3004733.0
51885.0,0.0,301,3004733.0
51890.0,0.0,301,3004733.0
51895.0,0.0,301,3004733.0
51900.0,0.0,301,3004733.0
51905.0,0.0,301,3004733.0
51910.0,0.0,301,3004733.0
51915.0,0.0,301,3004733.0
51920.0,0.0,301,3004733.0
51925.0,0.0,301,3004733.0
51930.0,0.0,301,3004733.0
51935.0,0.0,301,3004733.0
51940.0,0.0,301,3004733.0
51945.0,0.0,301,3004733.0
51950.0,0.0,301,3004733.0
51955.0,0.0,301,3004733.0
51960.0,0.0,301,3004733.0
51965.0,0.0,301,3004733.0
51970.0,0.0,301,3004733.0
51975.0,0.0,301,3004733.0
51980.0,0.0,301,3004733.0
51985.0,0.0,301,3004733.0
51990.0,0.0,301,3004733.0
51995.0,0.0,301,3004733.0
52000.0,0.0,301,3004733.0
52005.0,0.0,301,3004733.0
52010.0,0.0,301,3004733.0
52015.0,0.0,301,3004733.0
52020.0,0.0,301,3004733.0
52025.0,0.0,301,3004733.0
52030.0,0.0,301,3004733.0
52035.0,0.0,301,3004733.0
52040.0,0.0,301,3004733.0
52045.0,0.0,301,3004733.0
52050.0,0.0,301,3004733.0
52055.0,0.0,301,3004733.0
52060.0,0.0,301,3004733.0
52065.0,0.0,301,3004733.0
52070.0,0.0,301,3004733.0
52075.0,0.0,301,3004733.0
52080.0,0.0,301,3004733.0
52085.0,0.0,301,3004733.0
52090.0,0.0,301,3004733.0
52095.0,0.0,301,3004733.0
52100.0,0.0,301,3004733.0
52105.0,0.0,301,3004733.0
52110.0,0.0,301,3004733.0
52115.0,0.0,301,3004733.0
52120.0,0.0,301,3004733.0
52125.0,0.0,301,3004733.0
52130.0,0.0,301,3004733.0
52135.0,0.0,301,3004733.0
52140.0,0.0,301,3004733.0
52145.0,0.0,301,3004733.0
52150.0,0.0,301,3004733.0
52155.0,0.0,301,3004733.0
52160.0,0.0,301,3004733.0
52165.0,0.0,301,3004733.0
52170.0,0.0,301,3004733.0
52175.0,0.0,301,3004733.0
52180.0,0.0,301,3004733.0
52185.0,0.0,301,3004733.0
52190.0,0.0,301,3004733.0
52195.0,0.0,301,3004733.0
52200.0,0.0,301,3004733.0
52205.0,0.0,301,3004733.0
52210.0,0.0,301,3004733.0
52215.0,0.0,301,3004733.0
52220.0,0.0,301,3004733.0
52225.0,0.0,301,3004733.0
52230.0,0.0,301,3004733.0
52235.0,0.0,301,3004733.0
52240.0,0.0,301,3004733.0
52245.0,0.0,301,3004733.0
52250.0,0.0,301,3004733.0
52255.0,0.0,301,3004733.0
52260.0,0.0,301,3004733.0
52265.0,0.0,301,3004733.0
52270.0,0.0,301,3004733.0
52275.0,0.0,301,3004733.0
52280.0,0.0,301,3004733.0
52285.0,0.0,301,3004733.0
52290.0,0.0,301,3004733.0
52295.0,0.0,301,3004733.0
52300.0,0.0,301,3004733.0
52305.0,0.0,301,3004733.0
52310.0,0.0,301,3004733.0
52315.0,0.0,301,3004733.0
52320.0,0.0,301,3004733.0
52325.0,0.0,301,3004733.0
52330.0,0.0,301,3004733.0
52335.0,0.0,301,3004733.0
52340.0,0.0,301,3004733.0
52345.0,0.0,301,3004733.0
52350.0,0.0,301,3004733.0
52355.0,0.0,301,3004733.0
52360.0,0.0,301,3004733.0
52365.0,0.0,301,3004733.0
52370.0,0.0,301,3004733.0
52375.0,0.0,301,3004733.0
52380.0,0.0,301,3004733.0
52385.0,0.0,301,3004733.0
52390.0,0.0,301,3004733.0
52395.0,0.0,301,3004733.0
52400.0,0.0,301,3004733.0
52405.0,0.0,301,3004733.0
52410.0,0.0,301,3004733.0
52415.0,0.0,301,3004733.0
52420.0,0.0,301,3004733.0
52425.0,0.0,301,3004733.0
52430.0,0.0,301,3004733.0
52435.0,0.0,301,3004733.0
52440.0,0.0,301,3004733.0
52445.0,0.0,301,3004733.0
52450.0,0.0,301,3004733.0
52455.0,0.0,301,3004733.0
52460.0,0.0,301,3004733.0
52465.0,0.0,301,3004733.0
52470.0,0.0,301,3004733.0
52475.0,0.0,301,3004733.0
52480.0,0.0,301,3004733.0
52485.0,0.0,301,3004733.0
52490.0,0.0,301,3004733.0
52495.0,0.0,301,3004733.0
52500.0,0.0,301,3004733.0
52505.0,0.0,301,3004733.0
52510.0,0.0,301,3004733.0
52515.0,0.0,301,3004733.0
52520.0,0.0,301,3004733.0
52525.0,0.0,301,3004733.0
52530.0,0.0,301,3004733.0
52535.0,0.0,301,3004733.0
52540.0,0.0,301,3004733.0
52545.0,0.0,301,3004733.0
52550.0,0.0,301,3004733.0
52555.0,0.0,301,3004733.0
52560.0,0.0,301,3004733.0
52565.0,0.0,301,3004733.0
52570.0,0.0,301,3004733.0
52575.0,0.0,301,3004733.0
52580.0,0.0,301,3004733.0
52585.0,0.0,301,3004733.0
52590.0,0.0,301,3004733.0
52595.0,0.0,301,3004733.0
52600.0,0.0,301,3004733.0
52605.0,0.0,301,3004733.0
52610.0,0.0,301,3004733.0
52615.0,0.0,301,3004733.0
52620.0,0.0,301,3004733.0
52625.0,0.0,301,3004733.0
52630.0,0.0,301,3004733.0
52635.0,0.0,301,3004733.0
52640.0,0.0,301,3004733.0
52645.0,0.0,301,3004733.0
52650.0,0.0,301,3004733.0
52655.0,0.0,301,3004733.0
52660.0,0.0,301,3004733.0
52665.0,0.0,301,3004733.0
52670.0,0.0,301,3004733.0
52675.0,0.0,301,3004733.0
52680.0,0.0,301,3004733.0
52685.0,0.0,301,3004733.0
52690.0,0.0,301,3004733.0
52695.0,0.0,301,3004733.0
52700.0,0.0,301,3004733.0
52705.0,0.0,301,3004733.0
52710.0,0.0,301,3004733.0
52715.0,0.0,301,3004733.0
52720.0,0.0,301,3004733.0
52725.0,0.0,301,3004733.0
52730.0,0.0,301,3004733.0
52735.0,0.0,301,3004733.0
52740.0,0.0,301,3004733.0
52745.0,0.0,301,3004733.0
52750.0,0.0,301,3004733.0
52755.0,0.0,301,3004733.0
52760.0,0.0,301,3004733.0
52765.0,0.0,301,3004733.0
52770.0,0.0,301,3004733.0
52775.0,0.0,301,3004733.0
52780.0,0.0,301,3004733.0
52785.0,0.0,301,3004733.0
52790.0,0.0,301,3004733.0
52795.0,0.0,301,3004733.0
52800.0,0.0,301,3004733.0
52805.0,0.0,301,3004733.0
52810.0,0.0,301,3004733.0
52815.0,0.0,301,3004733.0
52820.0,0.0,301,3004733.0
52825.0,0.0,301,3004733.0
52830.0,0.0,301,3004733.0
52835.0,0.0,301,3004733.0
52840.0,0.0,301,3004733.0
52845.0,0.0,301,3004733.0
52850.0,0.0,301,3004733.0
52855.0,0.0,301,3004733.0
52860.0,0.0,301,3004733.0
52865.0,0.0,301,3004733.0
52870.0,0.0,301,3004733.0
52875.0,0.0,301,3004733.0
52880.0,0.0,301,3004733.0
52885.0,0.0,301,3004733.0
52890.0,0.0,301,3004733.0
52895.0,0.0,301,3004733.0
52900.0,0.0,301,3004733.0
52905.0,0.0,301,3004733.0
52910.0,0.0,301,3004733.0
52915.0,0.0,301,3004733.0
52920.0,0.0,301,3004733.0
52925.0,0.0,301,3004733.0
52930.0,0.0,301,3004733.0
52935.0,0.0,301,3004733.0
52940.0,0.0,301,3004733.0
52945.0,0.0,301,3004733.0
52950.0,0.0,301,3004733.0
52955.0,0.0,301,3004733.0
52960.0,0.0,301,3004733.0
52965.0,0.0,301,3004733.0
52970.0,0.0,301,3004733.0
52975.0,0.0,301,3004733.0
52980.0,0.0,301,3004733.0
52985.0,0.0,301,3004733.0
52990.0,0.0,301,3004733.0
52995.0,0.0,301,3004733.0
53000.0,0.0,301,3004733.0
53005.0,0.0,301,3004733.0
53010.0,0.0,301,3004733.0
53015.0,0.0,301,3004733.0
53020.0,0.0,301,3004733.0
53025.0,0.0,301,3004733.0
53030.0,0.0,301,3004733.0
53035.0,0.0,301,3004733.0
53040.0,0.0,301,3004733.0
53045.0,0.0,301,3004733.0
53050.0,0.0,301,3004733.0
53055.0,0.0,301,3004733.0
53060.0,0.0,301,3004733.0
53065.0,0.0,301,3004733.0
53070.0,0.0,301,3004733.0
53075.0,0.0,301,3004733.0
53080.0,0.0,301,3004733.0
53085.0,0.0,301,3004733.0
53090.0,0.0,301,3004733.0
53095.0,0.0,301,3004733.0
53100.0,0.0,301,3004733.0
53105.0,0.0,301,3004733.0
53110.0,0.0,301,3004733.0
53115.0,0.0,301,3004733.0
53120.0,0.0,301,3004733.0
53125.0,0.0,301,3004733.0
53130.0,0.0,301,3004733.0
53135.0,0.0,301,3004733.0
53140.0,0.0,301,3004733.0
53145.0,0.0,301,3004733.0
53150.0,0.0,301,3004733.0
53155.0,0.0,301,3004733.0
53160.0,0.0,301,3004733.0
53165.0,0.0,301,3004733.0
53170.0,0.0,301,3004733.0
53175.0,0.0,301,3004733.0
53180.0,0.0,301,3004733.0
53185.0,0.0,301,3004733.0
53190.0,0.0,301,3004733.0
53195.0,0.0,301,3004733.0
53200.0,0.0,301,3004733.0
53205.0,0.0,301,3004733.0
53210.0,0.0,301,3004733.0
53215.0,0.0,301,3004733.0
53220.0,0.0,301,3004733.0
53225.0,0.0,301,3004733.0
53230.0,0.0,301,3004733.0
53235.0,0.0,301,3004733.0
53240.0,0.0,301,3004733.0
53245.0,0.0,301,3004733.0
53250.0,0.0,301,3004733.0
53255.0,0.0,301,3004733.0
53260.0,0.0,301,3004733.0
53265.0,0.0,301,3004733.0
53270.0,0.0,301,3004733.0
53275.0,0.0,301,3004733.0
53280.0,0.0,301,3004733.0
53285.0,0.0,301,3004733.0
53290.0,0.0,301,3004733.0
53295.0,0.0,301,3004733.0
53300.0,0.0,301,3004733.0
53305.0,0.0,301,3004733.0
53310.0,0.0,301,3004733.0
53315.0,0.0,301,3004733.0
53320.0,0.0,301,3004733.0
53325.0,0.0,301,3004733.0
53330.0,0.0,301,3004733.0
53335.0,0.0,301,3004733.0
53340.0,0.0,301,3004733.0
53345.0,0.0,301,3004733.0
53350.0,0.0,301,3004733.0
53355.0,0.0,301,3004733.0
53360.0,0.0,301,3004733.0
53365.0,0.0,301,3004733.0
53370.0,0.0,301,3004733.0
53375.0,0.0,301,3004733.0
53380.0,0.0,301,3004733.0
53385.0,0.0,301,3004733.0
53390.0,0.0,301,3004733.0
53395.0,0.0,301,3004733.0
53400.0,0.0,301,3004733.0
53405.0,0.0,301,3004733.0
53410.0,0.0,301,3004733.0
53415.0,0.0,301,3004733.0
53420.0,0.0,301,3004733.0
53425.0,0.0,301,3004733.0
53430.0,0.0,301,3004733.0
53435.0,0.0,301,3004733.0
53440.0,0.0,301,3004733.0
53445.0,0.0,301,3004733.0
53450.0,0.0,301,3004733.0
53455.0,0.0,301,3004733.0
53460.0,0.0,301,3004733.0
53465.0,0.0,301,3004733.0
53470.0,0.0,301,3004733.0
53475.0,0.0,301,3004733.0
53480.0,0.0,301,3004733.0
53485.0,0.0,301,3004733.0
53490.0,0.0,301,3004733.0
53495.0,0.0,301,3004733.0
53500.0,0.0,301,3004733.0
53505.0,0.0,301,3004733.0
53510.0,0.0,301,3004733.0
53515.0,0.0,301,3004733.0
53520.0,0.0,301,3004733.0
53525.0,0.0,301,3004733.0
53530.0,0.0,301,3004733.0
53535.0,0.0,301,3004733.0
53540.0,0.0,301,3004733.0
53545.0,0.0,301,3004733.0
53550.0,0.0,301,3004733.0
53555.0,0.0,301,3004733.0
53560.0,0.0,301,3004733.0
53565.0,0.0,301,3004733.0
53570.0,0.0,301,3004733.0
53575.0,0.0,301,3004733.0
53580.0,0.0,301,3004733.0
53585.0,0.0,301,3004733.0
53590.0,0.0,301,3004733.0
53595.0,0.0,301,3004733.0
53600.0,0.0,301,3004733.0
53605.0,0.0,301,3004733.0
53610.0,0.0,301,3004733.0
53615.0,0.0,301,3004733.0
53620.0,0.0,301,3004733.0
53625.0,0.0,301,3004733.0
53630.0,0.0,301,3004733.0
53635.0,0.0,301,3004733.0
53640.0,0.0,301,3004733.0
53645.0,0.0,301,3004733.0
53650.0,0.0,301,3004733.0
53655.0,0.0,301,3004733.0
53660.0,0.0,301,3004733.0
53665.0,0.0,301,3004733.0
53670.0,0.0,301,3004733.0
53675.0,0.0,301,3004733.0
53680.0,0.0,301,3004733.0
53685.0,0.0,301,3004733.0
53690.0,0.0,301,3004733.0
53695.0,0.0,301,3004733.0
53700.0,0.0,301,3004733.0
53705.0,0.0,301,3004733.0
53710.0,0.0,301,3004733.0
53715.0,0.0,301,3004733.0
53720.0,0.0,301,3004733.0
53725.0,0.0,301,3004733.0
53730.0,0.0,301,3004733.0
53735.0,0.0,301,3004733.0
53740.0,0.0,301,3004733.0
53745.0,0.0,301,3004733.0
53750.0,0.0,301,3004733.0
53755.0,0.0,301,3004733.0
53760.0,0.0,301,3004733.0
53765.0,0.0,301,3004733.0
53770.0,0.0,301,3004733.0
53775.0,0.0,301,3004733.0
53780.0,0.0,301,3004733.0
53785.0,0.0,301,3004733.0
53790.0,0.0,301,3004733.0
53795.0,0.0,301,3004733.0
53800.0,0.0,301,3004733.0
53805.0,0.0,301,3004733.0
53810.0,0.0,301,3004733.0
53815.0,0.0,301,3004733.0
53820.0,0.0,301,3004733.0
53825.0,0.0,301,3004733.0
53830.0,0.0,301,3004733.0
53835.0,0.0,301,3004733.0
53840.0,0.0,301,3004733.0
53845.0,0.0,301,3004733.0
53850.0,0.0,301,3004733.0
53855.0,0.0,301,3004733.0
53860.0,0.0,301,3004733.0
53865.0,0.0,301,3004733.0
53870.0,0.0,301,3004733.0
53875.0,0.0,301,3004733.0
53880.0,0.0,301,3004733.0
53885.0,0.0,301,3004733.0
53890.0,0.0,301,3004733.0
53895.0,0.0,301,3004733.0
53900.0,0.0,301,3004733.0
53905.0,0.0,301,3004733.0
53910.0,0.0,301,3004733.0
53915.0,0.0,301,3004733.0
53920.0,0.0,301,3004733.0
53925.0,0.0,301,3004733.0
53930.0,0.0,301,3004733.0
53935.0,0.0,301,3004733.0
53940.0,0.0,301,3004733.0
53945.0,0.0,301,3004733.0
53950.0,0.0,301,3004733.0
53955.0,0.0,301,3004733.0
53960.0,0.0,301,3004733.0
53965.0,0.0,301,3004733.0
53970.0,0.0,301,3004733.0
53975.0,0.0,301,3004733.0
53980.0,0.0,301,3004733.0
53985.0,0.0,301,3004733.0
53990.0,0.0,301,3004733.0
53995.0,0.0,301,3004733.0
54000.0,0.0,301,3004733.0
54005.0,0.0,301,3004733.0
54010.0,0.0,301,3004733.0
54015.0,0.0,301,3004733.0
54020.0,0.0,301,3004733.0
54025.0,0.0,301,3004733.0
54030.0,0.0,301,3004733.0
54035.0,0.0,301,3004733.0
54040.0,0.0,301,3004733.0
54045.0,0.0,301,3004733.0
54050.0,0.0,301,3004733.0
54055.0,0.0,301,3004733.0
54060.0,0.0,301,3004733.0
54065.0,0.0,301,3004733.0
54070.0,0.0,301,3004733.0
54075.0,0.0,301,3004733.0
54080.0,0.0,301,3004733.0
54085.0,0.0,301,3004733.0
54090.0,0.0,301,3004733.0
54095.0,0.0,301,3004733.0
54100.0,0.0,301,3004733.0
54105.0,0.0,301,3004733.0
54110.0,0.0,301,3004733.0
54115.0,0.0,301,3004733.0
54120.0,0.0,301,3004733.0
54125.0,0.0,301,3004733.0
54130.0,0.0,301,3004733.0
54135.0,0.0,301,3004733.0
54140.0,0.0,301,3004733.0
54145.0,0.0,301,3004733.0
54150.0,0.0,301,3004733.0
54155.0,0.0,301,3004733.0
54160.0,0.0,301,3004733.0
54165.0,0.0,301,3004733.0
54170.0,0.0,301,3004733.0
54175.0,0.0,301,3004733.0
54180.0,0.0,301,3004733.0
54185.0,0.0,301,3004733.0
54190.0,0.0,301,3004733.0
54195.0,0.0,301,3004733.0
54200.0,0.0,301,3004733.0
54205.0,0.0,301,3004733.0
54210.0,0.0,301,3004733.0
54215.0,0.0,301,3004733.0
54220.0,0.0,301,3004733.0
54225.0,0.0,301,3004733.0
54230.0,0.0,301,3004733.0
54235.0,0.0,301,3004733.0
54240.0,0.0,301,3004733.0
54245.0,0.0,301,3004733.0
54250.0,0.0,301,3004733.0
54255.0,0.0,301,3004733.0
54260.0,0.0,301,3004733.0
54265.0,0.0,301,3004733.0
54270.0,0.0,301,3004733.0
54275.0,0.0,301,3004733.0
54280.0,0.0,301,3004733.0
54285.0,0.0,301,3004733.0
54290.0,0.0,301,3004733.0
54295.0,0.0,301,3004733.0
54300.0,0.0,301,3004733.0
54305.0,0.0,301,3004733.0
54310.0,0.0,301,3004733.0
54315.0,0.0,301,3004733.0
54320.0,0.0,301,3004733.0
54325.0,0.0,301,3004733.0
54330.0,0.0,301,3004733.0
54335.0,0.0,301,3004733.0
54340.0,0.0,301,3004733.0
54345.0,0.0,301,3004733.0
54350.0,0.0,301,3004733.0
54355.0,0.0,301,3004733.0
54360.0,0.0,301,3004733.0
54365.0,0.0,301,3004733.0
54370.0,0.0,301,3004733.0
54375.0,0.0,301,3004733.0
54380.0,0.0,301,3004733.0
54385.0,0.0,301,3004733.0
54390.0,0.0,301,3004733.0
54395.0,0.0,301,3004733.0
54400.0,0.0,301,3004733.0
54405.0,0.0,301,3004733.0
54410.0,0.0,301,3004733.0
54415.0,0.0,301,3004733.0
54420.0,0.0,301,3004733.0
54425.0,0.0,301,3004733.0
54430.0,0.0,301,3004733.0
54435.0,0.0,301,3004733.0
54440.0,0.0,301,3004733.0
54445.0,0.0,301,3004733.0
54450.0,0.0,301,3004733.0
54455.0,0.0,301,3004733.0
54460.0,0.0,301,3004733.0
54465.0,0.0,301,3004733.0
54470.0,0.0,301,3004733.0
54475.0,0.0,301,3004733.0
54480.0,0.0,301,3004733.0
54485.0,0.0,301,3004733.0
54490.0,0.0,301,3004733.0
54495.0,0.0,301,3004733.0
54500.0,0.0,301,3004733.0
54505.0,0.0,301,3004733.0
54510.0,0.0,301,3004733.0
54515.0,0.0,301,3004733.0
54520.0,0.0,301,3004733.0
54525.0,0.0,301,3004733.0
54530.0,0.0,301,3004733.0
54535.0,0.0,301,3004733.0
54540.0,0.0,301,3004733.0
54545.0,0.0,301,3004733.0
54550.0,0.0,301,3004733.0
54555.0,0.0,301,3004733.0
54560.0,0.0,301,3004733.0
54565.0,0.0,301,3004733.0
54570.0,0.0,301,3004733.0
54575.0,0.0,301,3004733.0
54580.0,0.0,301,3004733.0
54585.0,0.0,301,3004733.0
54590.0,0.0,301,3004733.0
54595.0,0.0,301,3004733.0
54600.0,0.0,301,3004733.0
54605.0,0.0,301,3004733.0
54610.0,0.0,301,3004733.0
54615.0,0.0,301,3004733.0
54620.0,0.0,301,3004733.0
54625.0,0.0,301,3004733.0
54630.0,0.0,301,3004733.0
54635.0,0.0,301,3004733.0
54640.0,0.0,301,3004733.0
54645.0,0.0,301,3004733.0
54650.0,0.0,301,3004733.0
54655.0,0.0,301,3004733.0
54660.0,0.0,301,3004733.0
54665.0,0.0,301,3004733.0
54670.0,0.0,301,3004733.0
54675.0,0.0,301,3004733.0
54680.0,0.0,301,3004733.0
54685.0,0.0,301,3004733.0
54690.0,0.0,301,3004733.0
54695.0,0.0,301,3004733.0
54700.0,0.0,301,3004733.0
54705.0,0.0,301,3004733.0
54710.0,0.0,301,3004733.0
54715.0,0.0,301,3004733.0
54720.0,0.0,301,3004733.0
54725.0,0.0,301,3004733.0
54730.0,0.0,301,3004733.0
54735.0,0.0,301,3004733.0
54740.0,0.0,301,3004733.0
54745.0,0.0,301,3004733.0
54750.0,0.0,301,3004733.0
54755.0,0.0,301,3004733.0
54760.0,0.0,301,3004733.0
54765.0,0.0,301,3004733.0
54770.0,0.0,301,3004733.0
54775.0,0.0,301,3004733.0
54780.0,0.0,301,3004733.0
54785.0,0.0,301,3004733.0
54790.0,0.0,301,3004733.0
54795.0,0.0,301,3004733.0
54800.0,0.0,301,3004733.0
54805.0,0.0,301,3004733.0
54810.0,0.0,301,3004733.0
54815.0,0.0,301,3004733.0
54820.0,0.0,301,3004733.0
54825.0,0.0,301,3004733.0
54830.0,0.0,301,3004733.0
54835.0,0.0,301,3004733.0
54840.0,0.0,301,3004733.0
54845.0,0.0,301,3004733.0
54850.0,0.0,301,3004733.0
54855.0,0.0,301,3004733.0
54860.0,0.0,301,3004733.0
54865.0,0.0,301,3004733.0
54870.0,0.0,301,3004733.0
54875.0,0.0,301,3004733.0
54880.0,0.0,301,3004733.0
54885.0,0.0,301,3004733.0
54890.0,0.0,301,3004733.0
54895.0,0.0,301,3004733.0
54900.0,0.0,301,3004733.0
54905.0,0.0,301,3004733.0
54910.0,0.0,301,3004733.0
54915.0,0.0,301,3004733.0
54920.0,0.0,301,3004733.0
54925.0,0.0,301,3004733.0
54930.0,0.0,301,3004733.0
54935.0,0.0,301,3004733.0
54940.0,0.0,301,3004733.0
54945.0,0.0,301,3004733.0
54950.0,0.0,301,3004733.0
54955.0,0.0,301,3004733.0
54960.0,0.0,301,3004733.0
54965.0,0.0,301,3004733.0
54970.0,0.0,301,3004733.0
54975.0,0.0,301,3004733.0
54980.0,0.0,301,3004733.0
54985.0,0.0,301,3004733.0
54990.0,0.0,301,3004733.0
54995.0,0.0,301,3004733.0
55000.0,0.0,301,3004733.0
55005.0,0.0,301,3004733.0
55010.0,0.0,301,3004733.0
55015.0,0.0,301,3004733.0
55020.0,0.0,301,3004733.0
55025.0,0.0,301,3004733.0
55030.0,0.0,301,3004733.0
55035.0,0.0,301,3004733.0
55040.0,0.0,301,3004733.0
55045.0,0.0,301,3004733.0
55050.0,0.0,301,3004733.0
55055.0,0.0,301,3004733.0
55060.0,0.0,301,3004733.0
55065.0,0.0,301,3004733.0
55070.0,0.0,301,3004733.0
55075.0,0.0,301,3004733.0
55080.0,0.0,301,3004733.0
55085.0,0.0,301,3004733.0
55090.0,0.0,301,3004733.0
55095.0,0.0,301,3004733.0
55100.0,0.0,301,3004733.0
55105.0,0.0,301,3004733.0
55110.0,0.0,301,3004733.0
55115.0,0.0,301,3004733.0
55120.0,0.0,301,3004733.0
55125.0,0.0,301,3004733.0
55130.0,0.0,301,3004733.0
55135.0,0.0,301,3004733.0
55140.0,0.0,301,3004733.0
55145.0,0.0,301,3004733.0
55150.0,0.0,301,3004733.0
55155.0,0.0,301,3004733.0
55160.0,0.0,301,3004733.0
55165.0,0.0,301,3004733.0
55170.0,0.0,301,3004733.0
55175.0,0.0,301,3004733.0
55180.0,0.0,301,3004733.0
55185.0,0.0,301,3004733.0
55190.0,0.0,301,3004733.0
55195.0,0.0,301,3004733.0
55200.0,0.0,301,3004733.0
55205.0,0.0,301,3004733.0
55210.0,0.0,301,3004733.0
55215.0,0.0,301,3004733.0
55220.0,0.0,301,3004733.0
55225.0,0.0,301,3004733.0
55230.0,0.0,301,3004733.0
55235.0,0.0,301,3004733.0
55240.0,0.0,301,3004733.0
55245.0,0.0,301,3004733.0
55250.0,0.0,301,3004733.0
55255.0,0.0,301,3004733.0
55260.0,0.0,301,3004733.0
55265.0,0.0,301,3004733.0
55270.0,0.0,301,3004733.0
55275.0,0.0,301,3004733.0
55280.0,0.0,301,3004733.0
55285.0,0.0,301,3004733.0
55290.0,0.0,301,3004733.0
55295.0,0.0,301,3004733.0
55300.0,0.0,301,3004733.0
55305.0,0.0,301,3004733.0
55310.0,0.0,301,3004733.0
55315.0,0.0,301,3004733.0
55320.0,0.0,301,3004733.0
55325.0,0.0,301,3004733.0
55330.0,0.0,301,3004733.0
55335.0,0.0,301,3004733.0
55340.0,0.0,301,3004733.0
55345.0,0.0,301,3004733.0
55350.0,0.0,301,3004733.0
55355.0,0.0,301,3004733.0
55360.0,0.0,301,3004733.0
55365.0,0.0,301,3004733.0
55370.0,0.0,301,3004733.0
55375.0,0.0,301,3004733.0
55380.0,0.0,301,3004733.0
55385.0,0.0,301,3004733.0
55390.0,0.0,301,3004733.0
55395.0,0.0,301,3004733.0
55400.0,0.0,301,3004733.0
55405.0,0.0,301,3004733.0
55410.0,0.0,301,3004733.0
55415.0,0.0,301,3004733.0
55420.0,0.0,301,3004733.0
55425.0,0.0,301,3004733.0
55430.0,0.0,301,3004733.0
55435.0,0.0,301,3004733.0
55440.0,0.0,301,3004733.0
55445.0,0.0,301,3004733.0
55450.0,0.0,301,3004733.0
55455.0,0.0,301,3004733.0
55460.0,0.0,301,3004733.0
55465.0,0.0,301,3004733.0
55470.0,0.0,301,3004733.0
55475.0,0.0,301,3004733.0
55480.0,0.0,301,3004733.0
55485.0,0.0,301,3004733.0
55490.0,0.0,301,3004733.0
55495.0,0.0,301,3004733.0
55500.0,0.0,301,3004733.0
55505.0,0.0,301,3004733.0
55510.0,0.0,301,3004733.0
55515.0,0.0,301,3004733.0
55520.0,0.0,301,3004733.0
55525.0,0.0,301,3004733.0
55530.0,0.0,301,3004733.0
55535.0,0.0,301,3004733.0
55540.0,0.0,301,3004733.0
55545.0,0.0,301,3004733.0
55550.0,0.0,301,3004733.0
55555.0,0.0,301,3004733.0
55560.0,0.0,301,3004733.0
55565.0,0.0,301,3004733.0
55570.0,0.0,301,3004733.0
55575.0,0.0,301,3004733.0
55580.0,0.0,301,3004733.0
55585.0,0.0,301,3004733.0
55590.0,0.0,301,3004733.0
55595.0,0.0,301,3004733.0
55600.0,0.0,301,3004733.0
55605.0,0.0,301,3004733.0
55610.0,0.0,301,3004733.0
55615.0,0.0,301,3004733.0
55620.0,0.0,301,3004733.0
55625.0,0.0,301,3004733.0
55630.0,0.0,301,3004733.0
55635.0,0.0,301,3004733.0
55640.0,0.0,301,3004733.0
55645.0,0.0,301,3004733.0
55650.0,0.0,301,3004733.0
55655.0,0.0,301,3004733.0
55660.0,0.0,301,3004733.0
55665.0,0.0,301,3004733.0
55670.0,0.0,301,3004733.0
55675.0,0.0,301,3004733.0
55680.0,0.0,301,3004733.0
55685.0,0.0,301,3004733.0
55690.0,0.0,301,3004733.0
55695.0,0.0,301,3004733.0
55700.0,0.0,301,3004733.0
55705.0,0.0,301,3004733.0
55710.0,0.0,301,3004733.0
55715.0,0.0,301,3004733.0
55720.0,0.0,301,3004733.0
55725.0,0.0,301,3004733.0
55730.0,0.0,301,3004733.0
55735.0,0.0,301,3004733.0
55740.0,0.0,301,3004733.0
55745.0,0.0,301,3004733.0
55750.0,0.0,301,3004733.0
55755.0,0.0,301,3004733.0
55760.0,0.0,301,3004733.0
55765.0,0.0,301,3004733.0
55770.0,0.0,301,3004733.0
55775.0,0.0,301,3004733.0
55780.0,0.0,301,3004733.0
55785.0,0.0,301,3004733.0
55790.0,0.0,301,3004733.0
55795.0,0.0,301,3004733.0
55800.0,0.0,301,3004733.0
55805.0,0.0,301,3004733.0
55810.0,0.0,301,3004733.0
55815.0,0.0,301,3004733.0
55820.0,0.0,301,3004733.0
55825.0,0.0,301,3004733.0
55830.0,0.0,301,3004733.0
55835.0,0.0,301,3004733.0
55840.0,0.0,301,3004733.0
55845.0,0.0,301,3004733.0
55850.0,0.0,301,3004733.0
55855.0,0.0,301,3004733.0
55860.0,0.0,301,3004733.0
55865.0,0.0,301,3004733.0
55870.0,0.0,301,3004733.0
55875.0,0.0,301,3004733.0
55880.0,0.0,301,3004733.0
55885.0,0.0,301,3004733.0
55890.0,0.0,301,3004733.0
55895.0,0.0,301,3004733.0
55900.0,0.0,301,3004733.0
55905.0,0.0,301,3004733.0
55910.0,0.0,301,3004733.0
55915.0,0.0,301,3004733.0
55920.0,0.0,301,3004733.0
55925.0,0.0,301,3004733.0
55930.0,0.0,301,3004733.0
55935.0,0.0,301,3004733.0
55940.0,0.0,301,3004733.0
55945.0,0.0,301,3004733.0
55950.0,0.0,301,3004733.0
55955.0,0.0,301,3004733.0
55960.0,0.0,301,3004733.0
55965.0,0.0,301,3004733.0
55970.0,0.0,301,3004733.0
55975.0,0.0,301,3004733.0
55980.0,0.0,301,3004733.0
55985.0,0.0,301,3004733.0
55990.0,0.0,301,3004733.0
55995.0,0.0,301,3004733.0
56000.0,0.0,301,3004733.0
56005.0,0.0,301,3004733.0
56010.0,0.0,301,3004733.0
56015.0,0.0,301,3004733.0
56020.0,0.0,301,3004733.0
56025.0,0.0,301,3004733.0
56030.0,0.0,301,3004733.0
56035.0,0.0,301,3004733.0
56040.0,0.0,301,3004733.0
56045.0,0.0,301,3004733.0
56050.0,0.0,301,3004733.0
56055.0,0.0,301,3004733.0
56060.0,0.0,301,3004733.0
56065.0,0.0,301,3004733.0
56070.0,0.0,301,3004733.0
56075.0,0.0,301,3004733.0
56080.0,0.0,301,3004733.0
56085.0,0.0,301,3004733.0
56090.0,0.0,301,3004733.0
56095.0,0.0,301,3004733.0
56100.0,0.0,301,3004733.0
56105.0,0.0,301,3004733.0
56110.0,0.0,301,3004733.0
56115.0,0.0,301,3004733.0
56120.0,0.0,301,3004733.0
56125.0,0.0,301,3004733.0
56130.0,0.0,301,3004733.0
56135.0,0.0,301,3004733.0
56140.0,0.0,301,3004733.0
56145.0,0.0,301,3004733.0
56150.0,0.0,301,3004733.0
56155.0,0.0,301,3004733.0
56160.0,0.0,301,3004733.0
56165.0,0.0,301,3004733.0
56170.0,0.0,301,3004733.0
56175.0,0.0,301,3004733.0
56180.0,0.0,301,3004733.0
56185.0,0.0,301,3004733.0
56190.0,0.0,301,3004733.0
56195.0,0.0,301,3004733.0
56200.0,0.0,301,3004733.0
56205.0,0.0,301,3004733.0
56210.0,0.0,301,3004733.0
56215.0,0.0,301,3004733.0
56220.0,0.0,301,3004733.0
56225.0,0.0,301,3004733.0
56230.0,0.0,301,3004733.0
56235.0,0.0,301,3004733.0
56240.0,0.0,301,3004733.0
56245.0,0.0,301,3004733.0
56250.0,0.0,301,3004733.0
56255.0,0.0,301,3004733.0
56260.0,0.0,301,3004733.0
56265.0,0.0,301,3004733.0
56270.0,0.0,301,3004733.0
56275.0,0.0,301,3004733.0
56280.0,0.0,301,3004733.0
56285.0,0.0,301,3004733.0
56290.0,0.0,301,3004733.0
56295.0,0.0,301,3004733.0
56300.0,0.0,301,3004733.0
56305.0,0.0,301,3004733.0
56310.0,0.0,301,3004733.0
56315.0,0.0,301,3004733.0
56320.0,0.0,301,3004733.0
56325.0,0.0,301,3004733.0
56330.0,0.0,301,3004733.0
56335.0,0.0,301,3004733.0
56340.0,0.0,301,3004733.0
56345.0,0.0,301,3004733.0
56350.0,0.0,301,3004733.0
56355.0,0.0,301,3004733.0
56360.0,0.0,301,3004733.0
56365.0,0.0,301,3004733.0
56370.0,0.0,301,3004733.0
56375.0,0.0,301,3004733.0
56380.0,0.0,301,3004733.0
56385.0,0.0,301,3004733.0
56390.0,0.0,301,3004733.0
56395.0,0.0,301,3004733.0
56400.0,0.0,301,3004733.0
56405.0,0.0,301,3004733.0
56410.0,0.0,301,3004733.0
56415.0,0.0,301,3004733.0
56420.0,0.0,301,3004733.0
56425.0,0.0,301,3004733.0
56430.0,0.0,301,3004733.0
56435.0,0.0,301,3004733.0
56440.0,0.0,301,3004733.0
56445.0,0.0,301,3004733.0
56450.0,0.0,301,3004733.0
56455.0,0.0,301,3004733.0
56460.0,0.0,301,3004733.0
56465.0,0.0,301,3004733.0
56470.0,0.0,301,3004733.0
56475.0,0.0,301,3004733.0
56480.0,0.0,301,3004733.0
56485.0,0.0,301,3004733.0
56490.0,0.0,301,3004733.0
56495.0,0.0,301,3004733.0
56500.0,0.0,301,3004733.0
56505.0,0.0,301,3004733.0
56510.0,0.0,301,3004733.0
56515.0,0.0,301,3004733.0
56520.0,0.0,301,3004733.0
56525.0,0.0,301,3004733.0
56530.0,0.0,301,3004733.0
56535.0,0.0,301,3004733.0
56540.0,0.0,301,3004733.0
56545.0,0.0,301,3004733.0
56550.0,0.0,301,3004733.0
56555.0,0.0,301,3004733.0
56560.0,0.0,301,3004733.0
56565.0,0.0,301,3004733.0
56570.0,0.0,301,3004733.0
56575.0,0.0,301,3004733.0
56580.0,0.0,301,3004733.0
56585.0,0.0,301,3004733.0
56590.0,0.0,301,3004733.0
56595.0,0.0,301,3004733.0
56600.0,0.0,301,3004733.0
56605.0,0.0,301,3004733.0
56610.0,0.0,301,3004733.0
56615.0,0.0,301,3004733.0
56620.0,0.0,301,3004733.0
56625.0,0.0,301,3004733.0
56630.0,0.0,301,3004733.0
56635.0,0.0,301,3004733.0
56640.0,0.0,301,3004733.0
56645.0,0.0,301,3004733.0
56650.0,0.0,301,3004733.0
56655.0,0.0,301,3004733.0
56660.0,0.0,301,3004733.0
56665.0,0.0,301,3004733.0
56670.0,0.0,301,3004733.0
56675.0,0.0,301,3004733.0
56680.0,0.0,301,3004733.0
56685.0,0.0,301,3004733.0
56690.0,0.0,301,3004733.0
56695.0,0.0,301,3004733.0
56700.0,0.0,301,3004733.0
56705.0,0.0,301,3004733.0
56710.0,0.0,301,3004733.0
56715.0,0.0,301,3004733.0
56720.0,0.0,301,3004733.0
56725.0,0.0,301,3004733.0
56730.0,0.0,301,3004733.0
56735.0,0.0,301,3004733.0
56740.0,0.0,301,3004733.0
56745.0,0.0,301,3004733.0
56750.0,0.0,301,3004733.0
56755.0,0.0,301,3004733.0
56760.0,0.0,301,3004733.0
56765.0,0.0,301,3004733.0
56770.0,0.0,301,3004733.0
56775.0,0.0,301,3004733.0
56780.0,0.0,301,3004733.0
56785.0,0.0,301,3004733.0
56790.0,0.0,301,3004733.0
56795.0,0.0,301,3004733.0
56800.0,0.0,301,3004733.0
56805.0,0.0,301,3004733.0
56810.0,0.0,301,3004733.0
56815.0,0.0,301,3004733.0
56820.0,0.0,301,3004733.0
56825.0,0.0,301,3004733.0
56830.0,0.0,301,3004733.0
56835.0,0.0,301,3004733.0
56840.0,0.0,301,3004733.0
56845.0,0.0,301,3004733.0
56850.0,0.0,301,3004733.0
56855.0,0.0,301,3004733.0
56860.0,0.0,301,3004733.0
56865.0,0.0,301,3004733.0
56870.0,0.0,301,3004733.0
56875.0,0.0,301,3004733.0
56880.0,0.0,301,3004733.0
56885.0,0.0,301,3004733.0
56890.0,0.0,301,3004733.0
56895.0,0.0,301,3004733.0
56900.0,0.0,301,3004733.0
56905.0,0.0,301,3004733.0
56910.0,0.0,301,3004733.0
56915.0,0.0,301,3004733.0
56920.0,0.0,301,3004733.0
56925.0,0.0,301,3004733.0
56930.0,0.0,301,3004733.0
56935.0,0.0,301,3004733.0
56940.0,0.0,301,3004733.0
56945.0,0.0,301,3004733.0
56950.0,0.0,301,3004733.0
56955.0,0.0,301,3004733.0
56960.0,0.0,301,3004733.0
56965.0,0.0,301,3004733.0
56970.0,0.0,301,3004733.0
56975.0,0.0,301,3004733.0
56980.0,0.0,301,3004733.0
56985.0,0.0,301,3004733.0
56990.0,0.0,301,3004733.0
56995.0,0.0,301,3004733.0
57000.0,0.0,301,3004733.0
57005.0,0.0,301,3004733.0
57010.0,0.0,301,3004733.0
57015.0,0.0,301,3004733.0
57020.0,0.0,301,3004733.0
57025.0,0.0,301,3004733.0
57030.0,0.0,301,3004733.0
57035.0,0.0,301,3004733.0
57040.0,0.0,301,3004733.0
57045.0,0.0,301,3004733.0
57050.0,0.0,301,3004733.0
57055.0,0.0,301,3004733.0
57060.0,0.0,301,3004733.0
57065.0,0.0,301,3004733.0
57070.0,0.0,301,3004733.0
57075.0,0.0,301,3004733.0
57080.0,0.0,301,3004733.0
57085.0,0.0,301,3004733.0
57090.0,0.0,301,3004733.0
57095.0,0.0,301,3004733.0
57100.0,0.0,301,3004733.0
57105.0,0.0,301,3004733.0
57110.0,0.0,301,3004733.0
57115.0,0.0,301,3004733.0
57120.0,0.0,301,3004733.0
57125.0,0.0,301,3004733.0
57130.0,0.0,301,3004733.0
57135.0,0.0,301,3004733.0
57140.0,0.0,301,3004733.0
57145.0,0.0,301,3004733.0
57150.0,0.0,301,3004733.0
57155.0,0.0,301,3004733.0
57160.0,0.0,301,3004733.0
57165.0,0.0,301,3004733.0
57170.0,0.0,301,3004733.0
57175.0,0.0,301,3004733.0
57180.0,0.0,301,3004733.0
57185.0,0.0,301,3004733.0
57190.0,0.0,301,3004733.0
57195.0,0.0,301,3004733.0
57200.0,0.0,301,3004733.0
57205.0,0.0,301,3004733.0
57210.0,0.0,301,3004733.0
57215.0,0.0,301,3004733.0
57220.0,0.0,301,3004733.0
57225.0,0.0,301,3004733.0
57230.0,0.0,301,3004733.0
57235.0,0.0,301,3004733.0
57240.0,0.0,301,3004733.0
57245.0,0.0,301,3004733.0
57250.0,0.0,301,3004733.0
57255.0,0.0,301,3004733.0
57260.0,0.0,301,3004733.0
57265.0,0.0,301,3004733.0
57270.0,0.0,301,3004733.0
57275.0,0.0,301,3004733.0
57280.0,0.0,301,3004733.0
57285.0,0.0,301,3004733.0
57290.0,0.0,301,3004733.0
57295.0,0.0,301,3004733.0
57300.0,0.0,301,3004733.0
57305.0,0.0,301,3004733.0
57310.0,0.0,301,3004733.0
57315.0,0.0,301,3004733.0
57320.0,0.0,301,3004733.0
57325.0,0.0,301,3004733.0
57330.0,0.0,301,3004733.0
57335.0,0.0,301,3004733.0
57340.0,0.0,301,3004733.0
57345.0,0.0,301,3004733.0
57350.0,0.0,301,3004733.0
57355.0,0.0,301,3004733.0
57360.0,0.0,301,3004733.0
57365.0,0.0,301,3004733.0
57370.0,0.0,301,3004733.0
57375.0,0.0,301,3004733.0
57380.0,0.0,301,3004733.0
57385.0,0.0,301,3004733.0
57390.0,0.0,301,3004733.0
57395.0,0.0,301,3004733.0
57400.0,0.0,301,3004733.0
57405.0,0.0,301,3004733.0
57410.0,0.0,301,3004733.0
57415.0,0.0,301,3004733.0
57420.0,0.0,301,3004733.0
57425.0,0.0,301,3004733.0
57430.0,0.0,301,3004733.0
57435.0,0.0,301,3004733.0
57440.0,0.0,301,3004733.0
57445.0,0.0,301,3004733.0
57450.0,0.0,301,3004733.0
57455.0,0.0,301,3004733.0
57460.0,0.0,301,3004733.0
57465.0,0.0,301,3004733.0
57470.0,0.0,301,3004733.0
57475.0,0.0,301,3004733.0
57480.0,0.0,301,3004733.0
57485.0,0.0,301,3004733.0
57490.0,0.0,301,3004733.0
57495.0,0.0,301,3004733.0
57500.0,0.0,301,3004733.0
57505.0,0.0,301,3004733.0
57510.0,0.0,301,3004733.0
57515.0,0.0,301,3004733.0
57520.0,0.0,301,3004733.0
57525.0,0.0,301,3004733.0
57530.0,0.0,301,3004733.0
57535.0,0.0,301,3004733.0
57540.0,0.0,301,3004733.0
57545.0,0.0,301,3004733.0
57550.0,0.0,301,3004733.0
57555.0,0.0,301,3004733.0
57560.0,0.0,301,3004733.0
57565.0,0.0,301,3004733.0
57570.0,0.0,301,3004733.0
57575.0,0.0,301,3004733.0
57580.0,0.0,301,3004733.0
57585.0,0.0,301,3004733.0
57590.0,0.0,301,3004733.0
57595.0,0.0,301,3004733.0
57600.0,0.0,301,3004733.0
57605.0,0.0,301,3004733.0
57610.0,0.0,301,3004733.0
57615.0,0.0,301,3004733.0
57620.0,0.0,301,3004733.0
57625.0,0.0,301,3004733.0
57630.0,0.0,301,3004733.0
57635.0,0.0,301,3004733.0
57640.0,0.0,301,3004733.0
57645.0,0.0,301,3004733.0
57650.0,0.0,301,3004733.0
57655.0,0.0,301,3004733.0
57660.0,0.0,301,3004733.0
57665.0,0.0,301,3004733.0
57670.0,0.0,301,3004733.0
57675.0,0.0,301,3004733.0
57680.0,0.0,301,3004733.0
57685.0,0.0,301,3004733.0
57690.0,0.0,301,3004733.0
57695.0,0.0,301,3004733.0
57700.0,0.0,301,3004733.0
57705.0,0.0,301,3004733.0
57710.0,0.0,301,3004733.0
57715.0,0.0,301,3004733.0
57720.0,0.0,301,3004733.0
57725.0,0.0,301,3004733.0
57730.0,0.0,301,3004733.0
57735.0,0.0,301,3004733.0
57740.0,0.0,301,3004733.0
57745.0,0.0,301,3004733.0
57750.0,0.0,301,3004733.0
57755.0,0.0,301,3004733.0
57760.0,0.0,301,3004733.0
57765.0,0.0,301,3004733.0
57770.0,0.0,301,3004733.0
57775.0,0.0,301,3004733.0
57780.0,0.0,301,3004733.0
57785.0,0.0,301,3004733.0
57790.0,0.0,301,3004733.0
57795.0,0.0,301,3004733.0
57800.0,0.0,301,3004733.0
57805.0,0.0,301,3004733.0
57810.0,0.0,301,3004733.0
57815.0,0.0,301,3004733.0
57820.0,0.0,301,3004733.0
57825.0,0.0,301,3004733.0
57830.0,0.0,301,3004733.0
57835.0,0.0,301,3004733.0
57840.0,0.0,301,3004733.0
57845.0,0.0,301,3004733.0
57850.0,0.0,301,3004733.0
57855.0,0.0,301,3004733.0
57860.0,0.0,301,3004733.0
57865.0,0.0,301,3004733.0
57870.0,0.0,301,3004733.0
57875.0,0.0,301,3004733.0
57880.0,0.0,301,3004733.0
57885.0,0.0,301,3004733.0
57890.0,0.0,301,3004733.0
57895.0,0.0,301,3004733.0
57900.0,0.0,301,3004733.0
57905.0,0.0,301,3004733.0
57910.0,0.0,301,3004733.0
57915.0,0.0,301,3004733.0
57920.0,0.0,301,3004733.0
57925.0,0.0,301,3004733.0
57930.0,0.0,301,3004733.0
57935.0,0.0,301,3004733.0
57940.0,0.0,301,3004733.0
57945.0,0.0,301,3004733.0
57950.0,0.0,301,3004733.0
57955.0,0.0,301,3004733.0
57960.0,0.0,301,3004733.0
57965.0,0.0,301,3004733.0
57970.0,0.0,301,3004733.0
57975.0,0.0,301,3004733.0
57980.0,0.0,301,3004733.0
57985.0,0.0,301,3004733.0
57990.0,0.0,301,3004733.0
57995.0,0.0,301,3004733.0
58000.0,0.0,301,3004733.0
58005.0,0.0,301,3004733.0
58010.0,0.0,301,3004733.0
58015.0,0.0,301,3004733.0
58020.0,0.0,301,3004733.0
58025.0,0.0,301,3004733.0
58030.0,0.0,301,3004733.0
58035.0,0.0,301,3004733.0
58040.0,0.0,301,3004733.0
58045.0,0.0,301,3004733.0
58050.0,0.0,301,3004733.0
58055.0,0.0,301,3004733.0
58060.0,0.0,301,3004733.0
58065.0,0.0,301,3004733.0
58070.0,0.0,301,3004733.0
58075.0,0.0,301,3004733.0
58080.0,0.0,301,3004733.0
58085.0,0.0,301,3004733.0
58090.0,0.0,301,3004733.0
58095.0,0.0,301,3004733.0
58100.0,0.0,301,3004733.0
58105.0,0.0,301,3004733.0
58110.0,0.0,301,3004733.0
58115.0,0.0,301,3004733.0
58120.0,0.0,301,3004733.0
58125.0,0.0,301,3004733.0
58130.0,0.0,301,3004733.0
58135.0,0.0,301,3004733.0
58140.0,0.0,301,3004733.0
58145.0,0.0,301,3004733.0
58150.0,0.0,301,3004733.0
58155.0,0.0,301,3004733.0
58160.0,0.0,301,3004733.0
58165.0,0.0,301,3004733.0
58170.0,0.0,301,3004733.0
58175.0,0.0,301,3004733.0
58180.0,0.0,301,3004733.0
58185.0,0.0,301,3004733.0
58190.0,0.0,301,3004733.0
58195.0,0.0,301,3004733.0
58200.0,0.0,301,3004733.0
58205.0,0.0,301,3004733.0
58210.0,0.0,301,3004733.0
58215.0,0.0,301,3004733.0
58220.0,0.0,301,3004733.0
58225.0,0.0,301,3004733.0
58230.0,0.0,301,3004733.0
58235.0,0.0,301,3004733.0
58240.0,0.0,301,3004733.0
58245.0,0.0,301,3004733.0
58250.0,0.0,301,3004733.0
58255.0,0.0,301,3004733.0
58260.0,0.0,301,3004733.0
58265.0,0.0,301,3004733.0
58270.0,0.0,301,3004733.0
58275.0,0.0,301,3004733.0
58280.0,0.0,301,3004733.0
58285.0,0.0,301,3004733.0
58290.0,0.0,301,3004733.0
58295.0,0.0,301,3004733.0
58300.0,0.0,301,3004733.0
58305.0,0.0,301,3004733.0
58310.0,0.0,301,3004733.0
58315.0,0.0,301,3004733.0
58320.0,0.0,301,3004733.0
58325.0,0.0,301,3004733.0
58330.0,0.0,301,3004733.0
58335.0,0.0,301,3004733.0
58340.0,0.0,301,3004733.0
58345.0,0.0,301,3004733.0
58350.0,0.0,301,3004733.0
58355.0,0.0,301,3004733.0
58360.0,0.0,301,3004733.0
58365.0,0.0,301,3004733.0
58370.0,0.0,301,3004733.0
58375.0,0.0,301,3004733.0
58380.0,0.0,301,3004733.0
58385.0,0.0,301,3004733.0
58390.0,0.0,301,3004733.0
58395.0,0.0,301,3004733.0
58400.0,0.0,301,3004733.0
58405.0,0.0,301,3004733.0
58410.0,0.0,301,3004733.0
58415.0,0.0,301,3004733.0
58420.0,0.0,301,3004733.0
58425.0,0.0,301,3004733.0
58430.0,0.0,301,3004733.0
58435.0,0.0,301,3004733.0
58440.0,0.0,301,3004733.0
58445.0,0.0,301,3004733.0
58450.0,0.0,301,3004733.0
58455.0,0.0,301,3004733.0
58460.0,0.0,301,3004733.0
58465.0,0.0,301,3004733.0
58470.0,0.0,301,3004733.0
58475.0,0.0,301,3004733.0
58480.0,0.0,301,3004733.0
58485.0,0.0,301,3004733.0
58490.0,0.0,301,3004733.0
58495.0,0.0,301,3004733.0
58500.0,0.0,301,3004733.0
58505.0,0.0,301,3004733.0
58510.0,0.0,301,3004733.0
58515.0,0.0,301,3004733.0
58520.0,0.0,301,3004733.0
58525.0,0.0,301,3004733.0
58530.0,0.0,301,3004733.0
58535.0,0.0,301,3004733.0
58540.0,0.0,301,3004733.0
58545.0,0.0,301,3004733.0
58550.0,0.0,301,3004733.0
58555.0,0.0,301,3004733.0
58560.0,0.0,301,3004733.0
58565.0,0.0,301,3004733.0
58570.0,0.0,301,3004733.0
58575.0,0.0,301,3004733.0
58580.0,0.0,301,3004733.0
58585.0,0.0,301,3004733.0
58590.0,0.0,301,3004733.0
58595.0,0.0,301,3004733.0
58600.0,0.0,301,3004733.0
58605.0,0.0,301,3004733.0
58610.0,0.0,301,3004733.0
58615.0,0.0,301,3004733.0
58620.0,0.0,301,3004733.0
58625.0,0.0,301,3004733.0
58630.0,0.0,301,3004733.0
58635.0,0.0,301,3004733.0
58640.0,0.0,301,3004733.0
58645.0,0.0,301,3004733.0
58650.0,0.0,301,3004733.0
58655.0,0.0,301,3004733.0
58660.0,0.0,301,3004733.0
58665.0,0.0,301,3004733.0
58670.0,0.0,301,3004733.0
58675.0,0.0,301,3004733.0
58680.0,0.0,301,3004733.0
58685.0,0.0,301,3004733.0
58690.0,0.0,301,3004733.0
58695.0,0.0,301,3004733.0
58700.0,0.0,301,3004733.0
58705.0,0.0,301,3004733.0
58710.0,0.0,301,3004733.0
58715.0,0.0,301,3004733.0
58720.0,0.0,301,3004733.0
58725.0,0.0,301,3004733.0
58730.0,0.0,301,3004733.0
58735.0,0.0,301,3004733.0
58740.0,0.0,301,3004733.0
58745.0,0.0,301,3004733.0
58750.0,0.0,301,3004733.0
58755.0,0.0,301,3004733.0
58760.0,0.0,301,3004733.0
58765.0,0.0,301,3004733.0
58770.0,0.0,301,3004733.0
58775.0,0.0,301,3004733.0
58780.0,0.0,301,3004733.0
58785.0,0.0,301,3004733.0
58790.0,0.0,301,3004733.0
58795.0,0.0,301,3004733.0
58800.0,0.0,301,3004733.0
58805.0,0.0,301,3004733.0
58810.0,0.0,301,3004733.0
58815.0,0.0,301,3004733.0
58820.0,0.0,301,3004733.0
58825.0,0.0,301,3004733.0
58830.0,0.0,301,3004733.0
58835.0,0.0,301,3004733.0
58840.0,0.0,301,3004733.0
58845.0,0.0,301,3004733.0
58850.0,0.0,301,3004733.0
58855.0,0.0,301,3004733.0
58860.0,0.0,301,3004733.0
58865.0,0.0,301,3004733.0
58870.0,0.0,301,3004733.0
58875.0,0.0,301,3004733.0
58880.0,0.0,301,3004733.0
58885.0,0.0,301,3004733.0
58890.0,0.0,301,3004733.0
58895.0,0.0,301,3004733.0
58900.0,0.0,301,3004733.0
58905.0,0.0,301,3004733.0
58910.0,0.0,301,3004733.0
58915.0,0.0,301,3004733.0
58920.0,0.0,301,3004733.0
58925.0,0.0,301,3004733.0
58930.0,0.0,301,3004733.0
58935.0,0.0,301,3004733.0
58940.0,0.0,301,3004733.0
58945.0,0.0,301,3004733.0
58950.0,0.0,301,3004733.0
58955.0,0.0,301,3004733.0
58960.0,0.0,301,3004733.0
58965.0,0.0,301,3004733.0
58970.0,0.0,301,3004733.0
58975.0,0.0,301,3004733.0
58980.0,0.0,301,3004733.0
58985.0,0.0,301,3004733.0
58990.0,0.0,301,3004733.0
58995.0,0.0,301,3004733.0
59000.0,0.0,301,3004733.0
59005.0,0.0,301,3004733.0
59010.0,0.0,301,3004733.0
59015.0,0.0,301,3004733.0
59020.0,0.0,301,3004733.0
59025.0,0.0,301,3004733.0
59030.0,0.0,301,3004733.0
59035.0,0.0,301,3004733.0
59040.0,0.0,301,3004733.0
59045.0,0.0,301,3004733.0
59050.0,0.0,301,3004733.0
59055.0,0.0,301,3004733.0
59060.0,0.0,301,3004733.0
59065.0,0.0,301,3004733.0
59070.0,0.0,301,3004733.0
59075.0,0.0,301,3004733.0
59080.0,0.0,301,3004733.0
59085.0,0.0,301,3004733.0
59090.0,0.0,301,3004733.0
59095.0,0.0,301,3004733.0
59100.0,0.0,301,3004733.0
59105.0,0.0,301,3004733.0
59110.0,0.0,301,3004733.0
59115.0,0.0,301,3004733.0
59120.0,0.0,301,3004733.0
59125.0,0.0,301,3004733.0
59130.0,0.0,301,3004733.0
59135.0,0.0,301,3004733.0
59140.0,0.0,301,3004733.0
59145.0,0.0,301,3004733.0
59150.0,0.0,301,3004733.0
59155.0,0.0,301,3004733.0
59160.0,0.0,301,3004733.0
59165.0,0.0,301,3004733.0
59170.0,0.0,301,3004733.0
59175.0,0.0,301,3004733.0
59180.0,0.0,301,3004733.0
59185.0,0.0,301,3004733.0
59190.0,0.0,301,3004733.0
59195.0,0.0,301,3004733.0
59200.0,0.0,301,3004733.0
59205.0,0.0,301,3004733.0
59210.0,0.0,301,3004733.0
59215.0,0.0,301,3004733.0
59220.0,0.0,301,3004733.0
59225.0,0.0,301,3004733.0
59230.0,0.0,301,3004733.0
59235.0,0.0,301,3004733.0
59240.0,0.0,301,3004733.0
59245.0,0.0,301,3004733.0
59250.0,0.0,301,3004733.0
59255.0,0.0,301,3004733.0
59260.0,0.0,301,3004733.0
59265.0,0.0,301,3004733.0
59270.0,0.0,301,3004733.0
59275.0,0.0,301,3004733.0
59280.0,0.0,301,3004733.0
59285.0,0.0,301,3004733.0
59290.0,0.0,301,3004733.0
59295.0,0.0,301,3004733.0
59300.0,0.0,301,3004733.0
59305.0,0.0,301,3004733.0
59310.0,0.0,301,3004733.0
59315.0,0.0,301,3004733.0
59320.0,0.0,301,3004733.0
59325.0,0.0,301,3004733.0
59330.0,0.0,301,3004733.0
59335.0,0.0,301,3004733.0
59340.0,0.0,301,3004733.0
59345.0,0.0,301,3004733.0
59350.0,0.0,301,3004733.0
59355.0,0.0,301,3004733.0
59360.0,0.0,301,3004733.0
59365.0,0.0,301,3004733.0
59370.0,0.0,301,3004733.0
59375.0,0.0,301,3004733.0
59380.0,0.0,301,3004733.0
59385.0,0.0,301,3004733.0
59390.0,0.0,301,3004733.0
59395.0,0.0,301,3004733.0
59400.0,0.0,301,3004733.0
59405.0,0.0,301,3004733.0
59410.0,0.0,301,3004733.0
59415.0,0.0,301,3004733.0
59420.0,0.0,301,3004733.0
59425.0,0.0,301,3004733.0
59430.0,0.0,301,3004733.0
59435.0,0.0,301,3004733.0
59440.0,0.0,301,3004733.0
59445.0,0.0,301,3004733.0
59450.0,0.0,301,3004733.0
59455.0,0.0,301,3004733.0
59460.0,0.0,301,3004733.0
59465.0,0.0,301,3004733.0
59470.0,0.0,301,3004733.0
59475.0,0.0,301,3004733.0
59480.0,0.0,301,3004733.0
59485.0,0.0,301,3004733.0
59490.0,0.0,301,3004733.0
59495.0,0.0,301,3004733.0
59500.0,0.0,301,3004733.0
59505.0,0.0,301,3004733.0
59510.0,0.0,301,3004733.0
59515.0,0.0,301,3004733.0
59520.0,0.0,301,3004733.0
59525.0,0.0,301,3004733.0
59530.0,0.0,301,3004733.0
59535.0,0.0,301,3004733.0
59540.0,0.0,301,3004733.0
59545.0,0.0,301,3004733.0
59550.0,0.0,301,3004733.0
59555.0,0.0,301,3004733.0
59560.0,0.0,301,3004733.0
59565.0,0.0,301,3004733.0
59570.0,0.0,301,3004733.0
59575.0,0.0,301,3004733.0
59580.0,0.0,301,3004733.0
59585.0,0.0,301,3004733.0
59590.0,0.0,301,3004733.0
59595.0,0.0,301,3004733.0
59600.0,0.0,301,3004733.0
59605.0,0.0,301,3004733.0
59610.0,0.0,301,3004733.0
59615.0,0.0,301,3004733.0
59620.0,0.0,301,3004733.0
59625.0,0.0,301,3004733.0
59630.0,0.0,301,3004733.0
59635.0,0.0,301,3004733.0
59640.0,0.0,301,3004733.0
59645.0,0.0,301,3004733.0
59650.0,0.0,301,3004733.0
59655.0,0.0,301,3004733.0
59660.0,0.0,301,3004733.0
59665.0,0.0,301,3004733.0
59670.0,0.0,301,3004733.0
59675.0,0.0,301,3004733.0
59680.0,0.0,301,3004733.0
59685.0,0.0,301,3004733.0
59690.0,0.0,301,3004733.0
59695.0,0.0,301,3004733.0
59700.0,0.0,301,3004733.0
59705.0,0.0,301,3004733.0
59710.0,0.0,301,3004733.0
59715.0,0.0,301,3004733.0
59720.0,0.0,301,3004733.0
59725.0,0.0,301,3004733.0
59730.0,0.0,301,3004733.0
59735.0,0.0,301,3004733.0
59740.0,0.0,301,3004733.0
59745.0,0.0,301,3004733.0
59750.0,0.0,301,3004733.0
59755.0,0.0,301,3004733.0
59760.0,0.0,301,3004733.0
59765.0,0.0,301,3004733.0
59770.0,0.0,301,3004733.0
59775.0,0.0,301,3004733.0
59780.0,0.0,301,3004733.0
59785.0,0.0,301,3004733.0
59790.0,0.0,301,3004733.0
59795.0,0.0,301,3004733.0
59800.0,0.0,301,3004733.0
59805.0,0.0,301,3004733.0
59810.0,0.0,301,3004733.0
59815.0,0.0,301,3004733.0
59820.0,0.0,301,3004733.0
59825.0,0.0,301,3004733.0
59830.0,0.0,301,3004733.0
59835.0,0.0,301,3004733.0
59840.0,0.0,301,3004733.0
59845.0,0.0,301,3004733.0
59850.0,0.0,301,3004733.0
59855.0,0.0,301,3004733.0
59860.0,0.0,301,3004733.0
59865.0,0.0,301,3004733.0
59870.0,0.0,301,3004733.0
59875.0,0.0,301,3004733.0
59880.0,0.0,301,3004733.0
59885.0,0.0,301,3004733.0
59890.0,0.0,301,3004733.0
59895.0,0.0,301,3004733.0
59900.0,0.0,301,3004733.0
59905.0,0.0,301,3004733.0
59910.0,0.0,301,3004733.0
59915.0,0.0,301,3004733.0
59920.0,0.0,301,3004733.0
59925.0,0.0,301,3004733.0
59930.0,0.0,301,3004733.0
59935.0,0.0,301,3004733.0
59940.0,0.0,301,3004733.0
59945.0,0.0,301,3004733.0
59950.0,0.0,301,3004733.0
59955.0,0.0,301,3004733.0
59960.0,0.0,301,3004733.0
59965.0,0.0,301,3004733.0
59970.0,0.0,301,3004733.0
59975.0,0.0,301,3004733.0
59980.0,0.0,301,3004733.0
59985.0,0.0,301,3004733.0
59990.0,0.0,301,3004733.0
59995.0,0.0,301,3004733.0
60000.0,0.0,301,3004733.0
60005.0,0.0,301,3004733.0
60010.0,0.0,301,3004733.0
60015.0,0.0,301,3004733.0
60020.0,0.0,301,3004733.0
60025.0,0.0,301,3004733.0
60030.0,0.0,301,3004733.0
60035.0,0.0,301,3004733.0
60040.0,0.0,301,3004733.0
60045.0,0.0,301,3004733.0
60050.0,0.0,301,3004733.0
60055.0,0.0,301,3004733.0
60060.0,0.0,301,3004733.0
60065.0,0.0,301,3004733.0
60070.0,0.0,301,3004733.0
60075.0,0.0,301,3004733.0
60080.0,0.0,301,3004733.0
60085.0,0.0,301,3004733.0
60090.0,0.0,301,3004733.0
60095.0,0.0,301,3004733.0
60100.0,0.0,301,3004733.0
60105.0,0.0,301,3004733.0
60110.0,0.0,301,3004733.0
60115.0,0.0,301,3004733.0
60120.0,0.0,301,3004733.0
60125.0,0.0,301,3004733.0
60130.0,0.0,301,3004733.0
60135.0,0.0,301,3004733.0
60140.0,0.0,301,3004733.0
60145.0,0.0,301,3004733.0
60150.0,0.0,301,3004733.0
60155.0,0.0,301,3004733.0
60160.0,0.0,301,3004733.0
60165.0,0.0,301,3004733.0
60170.0,0.0,301,3004733.0
60175.0,0.0,301,3004733.0
60180.0,0.0,301,3004733.0
60185.0,0.0,301,3004733.0
60190.0,0.0,301,3004733.0
60195.0,0.0,301,3004733.0
60200.0,0.0,301,3004733.0
60205.0,0.0,301,3004733.0
60210.0,0.0,301,3004733.0
60215.0,0.0,301,3004733.0
60220.0,0.0,301,3004733.0
60225.0,0.0,301,3004733.0
60230.0,0.0,301,3004733.0
60235.0,0.0,301,3004733.0
60240.0,0.0,301,3004733.0
60245.0,0.0,301,3004733.0
60250.0,0.0,301,3004733.0
60255.0,0.0,301,3004733.0
60260.0,0.0,301,3004733.0
60265.0,0.0,301,3004733.0
60270.0,0.0,301,3004733.0
60275.0,0.0,301,3004733.0
60280.0,0.0,301,3004733.0
60285.0,0.0,301,3004733.0
60290.0,0.0,301,3004733.0
60295.0,0.0,301,3004733.0
60300.0,0.0,301,3004733.0
60305.0,0.0,301,3004733.0
60310.0,0.0,301,3004733.0
60315.0,0.0,301,3004733.0
60320.0,0.0,301,3004733.0
60325.0,0.0,301,3004733.0
60330.0,0.0,301,3004733.0
60335.0,0.0,301,3004733.0
60340.0,0.0,301,3004733.0
60345.0,0.0,301,3004733.0
60350.0,0.0,301,3004733.0
60355.0,0.0,301,3004733.0
60360.0,0.0,301,3004733.0
60365.0,0.0,301,3004733.0
60370.0,0.0,301,3004733.0
60375.0,0.0,301,3004733.0
60380.0,0.0,301,3004733.0
60385.0,0.0,301,3004733.0
60390.0,0.0,301,3004733.0
60395.0,0.0,301,3004733.0
60400.0,0.0,301,3004733.0
60405.0,0.0,301,3004733.0
60410.0,0.0,301,3004733.0
60415.0,0.0,301,3004733.0
60420.0,0.0,301,3004733.0
60425.0,0.0,301,3004733.0
60430.0,0.0,301,3004733.0
60435.0,0.0,301,3004733.0
60440.0,0.0,301,3004733.0
60445.0,0.0,301,3004733.0
60450.0,0.0,301,3004733.0
60455.0,0.0,301,3004733.0
60460.0,0.0,301,3004733.0
60465.0,0.0,301,3004733.0
60470.0,0.0,301,3004733.0
60475.0,0.0,301,3004733.0
60480.0,0.0,301,3004733.0
60485.0,0.0,301,3004733.0
60490.0,0.0,301,3004733.0
60495.0,0.0,301,3004733.0
60500.0,0.0,301,3004733.0
60505.0,0.0,301,3004733.0
60510.0,0.0,301,3004733.0
60515.0,0.0,301,3004733.0
60520.0,0.0,301,3004733.0
60525.0,0.0,301,3004733.0
60530.0,0.0,301,3004733.0
60535.0,0.0,301,3004733.0
60540.0,0.0,301,3004733.0
60545.0,0.0,301,3004733.0
60550.0,0.0,301,3004733.0
60555.0,0.0,301,3004733.0
60560.0,0.0,301,3004733.0
60565.0,0.0,301,3004733.0
60570.0,0.0,301,3004733.0
60575.0,0.0,301,3004733.0
60580.0,0.0,301,3004733.0
60585.0,0.0,301,3004733.0
60590.0,0.0,301,3004733.0
60595.0,0.0,301,3004733.0
60600.0,0.0,301,3004733.0
60605.0,0.0,301,3004733.0
60610.0,0.0,301,3004733.0
60615.0,0.0,301,3004733.0
60620.0,0.0,301,3004733.0
60625.0,0.0,301,3004733.0
60630.0,0.0,301,3004733.0
60635.0,0.0,301,3004733.0
60640.0,0.0,301,3004733.0
60645.0,0.0,301,3004733.0
60650.0,0.0,301,3004733.0
60655.0,0.0,301,3004733.0
60660.0,0.0,301,3004733.0
60665.0,0.0,301,3004733.0
60670.0,0.0,301,3004733.0
60675.0,0.0,301,3004733.0
60680.0,0.0,301,3004733.0
60685.0,0.0,301,3004733.0
60690.0,0.0,301,3004733.0
60695.0,0.0,301,3004733.0
60700.0,0.0,301,3004733.0
60705.0,0.0,301,3004733.0
60710.0,0.0,301,3004733.0
60715.0,0.0,301,3004733.0
60720.0,0.0,301,3004733.0
60725.0,0.0,301,3004733.0
60730.0,0.0,301,3004733.0
60735.0,0.0,301,3004733.0
60740.0,0.0,301,3004733.0
60745.0,0.0,301,3004733.0
60750.0,0.0,301,3004733.0
60755.0,0.0,301,3004733.0
60760.0,0.0,301,3004733.0
60765.0,0.0,301,3004733.0
60770.0,0.0,301,3004733.0
60775.0,0.0,301,3004733.0
60780.0,0.0,301,3004733.0
60785.0,0.0,301,3004733.0
60790.0,0.0,301,3004733.0
60795.0,0.0,301,3004733.0
60800.0,0.0,301,3004733.0
60805.0,0.0,301,3004733.0
60810.0,0.0,301,3004733.0
60815.0,0.0,301,3004733.0
60820.0,0.0,301,3004733.0
60825.0,0.0,301,3004733.0
60830.0,0.0,301,3004733.0
60835.0,0.0,301,3004733.0
60840.0,0.0,301,3004733.0
60845.0,0.0,301,3004733.0
60850.0,0.0,301,3004733.0
60855.0,0.0,301,3004733.0
60860.0,0.0,301,3004733.0
60865.0,0.0,301,3004733.0
60870.0,0.0,301,3004733.0
60875.0,0.0,301,3004733.0
60880.0,0.0,301,3004733.0
60885.0,0.0,301,3004733.0
60890.0,0.0,301,3004733.0
60895.0,0.0,301,3004733.0
60900.0,0.0,301,3004733.0
60905.0,0.0,301,3004733.0
60910.0,0.0,301,3004733.0
60915.0,0.0,301,3004733.0
60920.0,0.0,301,3004733.0
60925.0,0.0,301,3004733.0
60930.0,0.0,301,3004733.0
60935.0,0.0,301,3004733.0
60940.0,0.0,301,3004733.0
60945.0,0.0,301,3004733.0
60950.0,0.0,301,3004733.0
60955.0,0.0,301,3004733.0
60960.0,0.0,301,3004733.0
60965.0,0.0,301,3004733.0
60970.0,0.0,301,3004733.0
60975.0,0.0,301,3004733.0
60980.0,0.0,301,3004733.0
60985.0,0.0,301,3004733.0
60990.0,0.0,301,3004733.0
60995.0,0.0,301,3004733.0
61000.0,0.0,301,3004733.0
61005.0,0.0,301,3004733.0
61010.0,0.0,301,3004733.0
61015.0,0.0,301,3004733.0
61020.0,0.0,301,3004733.0
61025.0,0.0,301,3004733.0
61030.0,0.0,301,3004733.0
61035.0,0.0,301,3004733.0
61040.0,0.0,301,3004733.0
61045.0,0.0,301,3004733.0
61050.0,0.0,301,3004733.0
61055.0,0.0,301,3004733.0
61060.0,0.0,301,3004733.0
61065.0,0.0,301,3004733.0
61070.0,0.0,301,3004733.0
61075.0,0.0,301,3004733.0
61080.0,0.0,301,3004733.0
61085.0,0.0,301,3004733.0
61090.0,0.0,301,3004733.0
61095.0,0.0,301,3004733.0
61100.0,0.0,301,3004733.0
61105.0,0.0,301,3004733.0
61110.0,0.0,301,3004733.0
61115.0,0.0,301,3004733.0
61120.0,0.0,301,3004733.0
61125.0,0.0,301,3004733.0
61130.0,0.0,301,3004733.0
61135.0,0.0,301,3004733.0
61140.0,0.0,301,3004733.0
61145.0,0.0,301,3004733.0
61150.0,0.0,301,3004733.0
61155.0,0.0,301,3004733.0
61160.0,0.0,301,3004733.0
61165.0,0.0,301,3004733.0
61170.0,0.0,301,3004733.0
61175.0,0.0,301,3004733.0
61180.0,0.0,301,3004733.0
61185.0,0.0,301,3004733.0
61190.0,0.0,301,3004733.0
61195.0,0.0,301,3004733.0
61200.0,0.0,301,3004733.0
61205.0,0.0,301,3004733.0
61210.0,0.0,301,3004733.0
61215.0,0.0,301,3004733.0
61220.0,0.0,301,3004733.0
61225.0,0.0,301,3004733.0
61230.0,0.0,301,3004733.0
61235.0,0.0,301,3004733.0
61240.0,0.0,301,3004733.0
61245.0,0.0,301,3004733.0
61250.0,0.0,301,3004733.0
61255.0,0.0,301,3004733.0
61260.0,0.0,301,3004733.0
61265.0,0.0,301,3004733.0
61270.0,0.0,301,3004733.0
61275.0,0.0,301,3004733.0
61280.0,0.0,301,3004733.0
61285.0,0.0,301,3004733.0
61290.0,0.0,301,3004733.0
61295.0,0.0,301,3004733.0
61300.0,0.0,301,3004733.0
61305.0,0.0,301,3004733.0
61310.0,0.0,301,3004733.0
61315.0,0.0,301,3004733.0
61320.0,0.0,301,3004733.0
61325.0,0.0,301,3004733.0
61330.0,0.0,301,3004733.0
61335.0,0.0,301,3004733.0
61340.0,0.0,301,3004733.0
61345.0,0.0,301,3004733.0
61350.0,0.0,301,3004733.0
61355.0,0.0,301,3004733.0
61360.0,0.0,301,3004733.0
61365.0,0.0,301,3004733.0
61370.0,0.0,301,3004733.0
61375.0,0.0,301,3004733.0
61380.0,0.0,301,3004733.0
61385.0,0.0,301,3004733.0
61390.0,0.0,301,3004733.0
61395.0,0.0,301,3004733.0
61400.0,0.0,301,3004733.0
61405.0,0.0,301,3004733.0
61410.0,0.0,301,3004733.0
61415.0,0.0,301,3004733.0
61420.0,0.0,301,3004733.0
61425.0,0.0,301,3004733.0
61430.0,0.0,301,3004733.0
61435.0,0.0,301,3004733.0
61440.0,0.0,301,3004733.0
61445.0,0.0,301,3004733.0
61450.0,0.0,301,3004733.0
61455.0,0.0,301,3004733.0
61460.0,0.0,301,3004733.0
61465.0,0.0,301,3004733.0
61470.0,0.0,301,3004733.0
61475.0,0.0,301,3004733.0
61480.0,0.0,301,3004733.0
61485.0,0.0,301,3004733.0
61490.0,0.0,301,3004733.0
61495.0,0.0,301,3004733.0
61500.0,0.0,301,3004733.0
61505.0,0.0,301,3004733.0
61510.0,0.0,301,3004733.0
61515.0,0.0,301,3004733.0
61520.0,0.0,301,3004733.0
61525.0,0.0,301,3004733.0
61530.0,0.0,301,3004733.0
61535.0,0.0,301,3004733.0
61540.0,0.0,301,3004733.0
61545.0,0.0,301,3004733.0
61550.0,0.0,301,3004733.0
61555.0,0.0,301,3004733.0
61560.0,0.0,301,3004733.0
61565.0,0.0,301,3004733.0
61570.0,0.0,301,3004733.0
61575.0,0.0,301,3004733.0
61580.0,0.0,301,3004733.0
61585.0,0.0,301,3004733.0
61590.0,0.0,301,3004733.0
61595.0,0.0,301,3004733.0
61600.0,0.0,301,3004733.0
61605.0,0.0,301,3004733.0
61610.0,0.0,301,3004733.0
61615.0,0.0,301,3004733.0
61620.0,0.0,301,3004733.0
61625.0,0.0,301,3004733.0
61630.0,0.0,301,3004733.0
61635.0,0.0,301,3004733.0
61640.0,0.0,301,3004733.0
61645.0,0.0,301,3004733.0
61650.0,0.0,301,3004733.0
61655.0,0.0,301,3004733.0
61660.0,0.0,301,3004733.0
61665.0,0.0,301,3004733.0
61670.0,0.0,301,3004733.0
61675.0,0.0,301,3004733.0
61680.0,0.0,301,3004733.0
61685.0,0.0,301,3004733.0
61690.0,0.0,301,3004733.0
61695.0,0.0,301,3004733.0
61700.0,0.0,301,3004733.0
61705.0,0.0,301,3004733.0
61710.0,0.0,301,3004733.0
61715.0,0.0,301,3004733.0
61720.0,0.0,301,3004733.0
61725.0,0.0,301,3004733.0
61730.0,0.0,301,3004733.0
61735.0,0.0,301,3004733.0
61740.0,0.0,301,3004733.0
61745.0,0.0,301,3004733.0
61750.0,0.0,301,3004733.0
61755.0,0.0,301,3004733.0
61760.0,0.0,301,3004733.0
61765.0,0.0,301,3004733.0
61770.0,0.0,301,3004733.0
61775.0,0.0,301,3004733.0
61780.0,0.0,301,3004733.0
61785.0,0.0,301,3004733.0
61790.0,0.0,301,3004733.0
61795.0,0.0,301,3004733.0
61800.0,0.0,301,3004733.0
61805.0,0.0,301,3004733.0
61810.0,0.0,301,3004733.0
61815.0,0.0,301,3004733.0
61820.0,0.0,301,3004733.0
61825.0,0.0,301,3004733.0
61830.0,0.0,301,3004733.0
61835.0,0.0,301,3004733.0
61840.0,0.0,301,3004733.0
61845.0,0.0,301,3004733.0
61850.0,0.0,301,3004733.0
61855.0,0.0,301,3004733.0
61860.0,0.0,301,3004733.0
61865.0,0.0,301,3004733.0
61870.0,0.0,301,3004733.0
61875.0,0.0,301,3004733.0
61880.0,0.0,301,3004733.0
61885.0,0.0,301,3004733.0
61890.0,0.0,301,3004733.0
61895.0,0.0,301,3004733.0
61900.0,0.0,301,3004733.0
61905.0,0.0,301,3004733.0
61910.0,0.0,301,3004733.0
61915.0,0.0,301,3004733.0
61920.0,0.0,301,3004733.0
61925.0,0.0,301,3004733.0
61930.0,0.0,301,3004733.0
61935.0,0.0,301,3004733.0
61940.0,0.0,301,3004733.0
61945.0,0.0,301,3004733.0
61950.0,0.0,301,3004733.0
61955.0,0.0,301,3004733.0
61960.0,0.0,301,3004733.0
61965.0,0.0,301,3004733.0
61970.0,0.0,301,3004733.0
61975.0,0.0,301,3004733.0
61980.0,0.0,301,3004733.0
61985.0,0.0,301,3004733.0
61990.0,0.0,301,3004733.0
61995.0,0.0,301,3004733.0
62000.0,0.0,301,3004733.0
62005.0,0.0,301,3004733.0
62010.0,0.0,301,3004733.0
62015.0,0.0,301,3004733.0
62020.0,0.0,301,3004733.0
62025.0,0.0,301,3004733.0
62030.0,0.0,301,3004733.0
62035.0,0.0,301,3004733.0
62040.0,0.0,301,3004733.0
62045.0,0.0,301,3004733.0
62050.0,0.0,301,3004733.0
62055.0,0.0,301,3004733.0
62060.0,0.0,301,3004733.0
62065.0,0.0,301,3004733.0
62070.0,0.0,301,3004733.0
62075.0,0.0,301,3004733.0
62080.0,0.0,301,3004733.0
62085.0,0.0,301,3004733.0
62090.0,0.0,301,3004733.0
62095.0,0.0,301,3004733.0
62100.0,0.0,301,3004733.0
62105.0,0.0,301,3004733.0
62110.0,0.0,301,3004733.0
62115.0,0.0,301,3004733.0
62120.0,0.0,301,3004733.0
62125.0,0.0,301,3004733.0
62130.0,0.0,301,3004733.0
62135.0,0.0,301,3004733.0
62140.0,0.0,301,3004733.0
62145.0,0.0,301,3004733.0
62150.0,0.0,301,3004733.0
62155.0,0.0,301,3004733.0
62160.0,0.0,301,3004733.0
62165.0,0.0,301,3004733.0
62170.0,0.0,301,3004733.0
62175.0,0.0,301,3004733.0
62180.0,0.0,301,3004733.0
62185.0,0.0,301,3004733.0
62190.0,0.0,301,3004733.0
62195.0,0.0,301,3004733.0
62200.0,0.0,301,3004733.0
62205.0,0.0,301,3004733.0
62210.0,0.0,301,3004733.0
62215.0,0.0,301,3004733.0
62220.0,0.0,301,3004733.0
62225.0,0.0,301,3004733.0
62230.0,0.0,301,3004733.0
62235.0,0.0,301,3004733.0
62240.0,0.0,301,3004733.0
62245.0,0.0,301,3004733.0
62250.0,0.0,301,3004733.0
62255.0,0.0,301,3004733.0
62260.0,0.0,301,3004733.0
62265.0,0.0,301,3004733.0
62270.0,0.0,301,3004733.0
62275.0,0.0,301,3004733.0
62280.0,0.0,301,3004733.0
62285.0,0.0,301,3004733.0
62290.0,0.0,301,3004733.0
62295.0,0.0,301,3004733.0
62300.0,0.0,301,3004733.0
62305.0,0.0,301,3004733.0
62310.0,0.0,301,3004733.0
62315.0,0.0,301,3004733.0
62320.0,0.0,301,3004733.0
62325.0,0.0,301,3004733.0
62330.0,0.0,301,3004733.0
62335.0,0.0,301,3004733.0
62340.0,0.0,301,3004733.0
62345.0,0.0,301,3004733.0
62350.0,0.0,301,3004733.0
62355.0,0.0,301,3004733.0
62360.0,0.0,301,3004733.0
62365.0,0.0,301,3004733.0
62370.0,0.0,301,3004733.0
62375.0,0.0,301,3004733.0
62380.0,0.0,301,3004733.0
62385.0,0.0,301,3004733.0
62390.0,0.0,301,3004733.0
62395.0,0.0,301,3004733.0
62400.0,0.0,301,3004733.0
62405.0,0.0,301,3004733.0
62410.0,0.0,301,3004733.0
62415.0,0.0,301,3004733.0
62420.0,0.0,301,3004733.0
62425.0,0.0,301,3004733.0
62430.0,0.0,301,3004733.0
62435.0,0.0,301,3004733.0
62440.0,0.0,301,3004733.0
62445.0,0.0,301,3004733.0
62450.0,0.0,301,3004733.0
62455.0,0.0,301,3004733.0
62460.0,0.0,301,3004733.0
62465.0,0.0,301,3004733.0
62470.0,0.0,301,3004733.0
62475.0,0.0,301,3004733.0
62480.0,0.0,301,3004733.0
62485.0,0.0,301,3004733.0
62490.0,0.0,301,3004733.0
62495.0,0.0,301,3004733.0
62500.0,0.0,301,3004733.0
62505.0,0.0,301,3004733.0
62510.0,0.0,301,3004733.0
62515.0,0.0,301,3004733.0
62520.0,0.0,301,3004733.0
62525.0,0.0,301,3004733.0
62530.0,0.0,301,3004733.0
62535.0,0.0,301,3004733.0
62540.0,0.0,301,3004733.0
62545.0,0.0,301,3004733.0
62550.0,0.0,301,3004733.0
62555.0,0.0,301,3004733.0
62560.0,0.0,301,3004733.0
62565.0,0.0,301,3004733.0
62570.0,0.0,301,3004733.0
62575.0,0.0,301,3004733.0
62580.0,0.0,301,3004733.0
62585.0,0.0,301,3004733.0
62590.0,0.0,301,3004733.0
62595.0,0.0,301,3004733.0
62600.0,0.0,301,3004733.0
62605.0,0.0,301,3004733.0
62610.0,0.0,301,3004733.0
62615.0,0.0,301,3004733.0
62620.0,0.0,301,3004733.0
62625.0,0.0,301,3004733.0
62630.0,0.0,301,3004733.0
62635.0,0.0,301,3004733.0
62640.0,0.0,301,3004733.0
62645.0,0.0,301,3004733.0
62650.0,0.0,301,3004733.0
62655.0,0.0,301,3004733.0
62660.0,0.0,301,3004733.0
62665.0,0.0,301,3004733.0
62670.0,0.0,301,3004733.0
62675.0,0.0,301,3004733.0
62680.0,0.0,301,3004733.0
62685.0,0.0,301,3004733.0
62690.0,0.0,301,3004733.0
62695.0,0.0,301,3004733.0
62700.0,0.0,301,3004733.0
62705.0,0.0,301,3004733.0
62710.0,0.0,301,3004733.0
62715.0,0.0,301,3004733.0
62720.0,0.0,301,3004733.0
62725.0,0.0,301,3004733.0
62730.0,0.0,301,3004733.0
62735.0,0.0,301,3004733.0
62740.0,0.0,301,3004733.0
62745.0,0.0,301,3004733.0
62750.0,0.0,301,3004733.0
62755.0,0.0,301,3004733.0
62760.0,0.0,301,3004733.0
62765.0,0.0,301,3004733.0
62770.0,0.0,301,3004733.0
62775.0,0.0,301,3004733.0
62780.0,0.0,301,3004733.0
62785.0,0.0,301,3004733.0
62790.0,0.0,301,3004733.0
62795.0,0.0,301,3004733.0
62800.0,0.0,301,3004733.0
62805.0,0.0,301,3004733.0
62810.0,0.0,301,3004733.0
62815.0,0.0,301,3004733.0
62820.0,0.0,301,3004733.0
62825.0,0.0,301,3004733.0
62830.0,0.0,301,3004733.0
62835.0,0.0,301,3004733.0
62840.0,0.0,301,3004733.0
62845.0,0.0,301,3004733.0
62850.0,0.0,301,3004733.0
62855.0,0.0,301,3004733.0
62860.0,0.0,301,3004733.0
62865.0,0.0,301,3004733.0
62870.0,0.0,301,3004733.0
62875.0,0.0,301,3004733.0
62880.0,0.0,301,3004733.0
62885.0,0.0,301,3004733.0
62890.0,0.0,301,3004733.0
62895.0,0.0,301,3004733.0
62900.0,0.0,301,3004733.0
62905.0,0.0,301,3004733.0
62910.0,0.0,301,3004733.0
62915.0,0.0,301,3004733.0
62920.0,0.0,301,3004733.0
62925.0,0.0,301,3004733.0
62930.0,0.0,301,3004733.0
62935.0,0.0,301,3004733.0
62940.0,0.0,301,3004733.0
62945.0,0.0,301,3004733.0
62950.0,0.0,301,3004733.0
62955.0,0.0,301,3004733.0
62960.0,0.0,301,3004733.0
62965.0,0.0,301,3004733.0
62970.0,0.0,301,3004733.0
62975.0,0.0,301,3004733.0
62980.0,0.0,301,3004733.0
62985.0,0.0,301,3004733.0
62990.0,0.0,301,3004733.0
62995.0,0.0,301,3004733.0
63000.0,0.0,301,3004733.0
63005.0,0.0,301,3004733.0
63010.0,0.0,301,3004733.0
63015.0,0.0,301,3004733.0
63020.0,0.0,301,3004733.0
63025.0,0.0,301,3004733.0
63030.0,0.0,301,3004733.0
63035.0,0.0,301,3004733.0
63040.0,0.0,301,3004733.0
63045.0,0.0,301,3004733.0
63050.0,0.0,301,3004733.0
63055.0,0.0,301,3004733.0
63060.0,0.0,301,3004733.0
63065.0,0.0,301,3004733.0
63070.0,0.0,301,3004733.0
63075.0,0.0,301,3004733.0
63080.0,0.0,301,3004733.0
63085.0,0.0,301,3004733.0
63090.0,0.0,301,3004733.0
63095.0,0.0,301,3004733.0
63100.0,0.0,301,3004733.0
63105.0,0.0,301,3004733.0
63110.0,0.0,301,3004733.0
63115.0,0.0,301,3004733.0
63120.0,0.0,301,3004733.0
63125.0,0.0,301,3004733.0
63130.0,0.0,301,3004733.0
63135.0,0.0,301,3004733.0
63140.0,0.0,301,3004733.0
63145.0,0.0,301,3004733.0
63150.0,0.0,301,3004733.0
63155.0,0.0,301,3004733.0
63160.0,0.0,301,3004733.0
63165.0,0.0,301,3004733.0
63170.0,0.0,301,3004733.0
63175.0,0.0,301,3004733.0
63180.0,0.0,301,3004733.0
63185.0,0.0,301,3004733.0
63190.0,0.0,301,3004733.0
63195.0,0.0,301,3004733.0
63200.0,0.0,301,3004733.0
63205.0,0.0,301,3004733.0
63210.0,0.0,301,3004733.0
63215.0,0.0,301,3004733.0
63220.0,0.0,301,3004733.0
63225.0,0.0,301,3004733.0
63230.0,0.0,301,3004733.0
63235.0,0.0,301,3004733.0
63240.0,0.0,301,3004733.0
63245.0,0.0,301,3004733.0
63250.0,0.0,301,3004733.0
63255.0,0.0,301,3004733.0
63260.0,0.0,301,3004733.0
63265.0,0.0,301,3004733.0
63270.0,0.0,301,3004733.0
63275.0,0.0,301,3004733.0
63280.0,0.0,301,3004733.0
63285.0,0.0,301,3004733.0
63290.0,0.0,301,3004733.0
63295.0,0.0,301,3004733.0
63300.0,0.0,301,3004733.0
63305.0,0.0,301,3004733.0
63310.0,0.0,301,3004733.0
63315.0,0.0,301,3004733.0
63320.0,0.0,301,3004733.0
63325.0,0.0,301,3004733.0
63330.0,0.0,301,3004733.0
63335.0,0.0,301,3004733.0
63340.0,0.0,301,3004733.0
63345.0,0.0,301,3004733.0
63350.0,0.0,301,3004733.0
63355.0,0.0,301,3004733.0
63360.0,0.0,301,3004733.0
63365.0,0.0,301,3004733.0
63370.0,0.0,301,3004733.0
63375.0,0.0,301,3004733.0
63380.0,0.0,301,3004733.0
63385.0,0.0,301,3004733.0
63390.0,0.0,301,3004733.0
63395.0,0.0,301,3004733.0
63400.0,0.0,301,3004733.0
63405.0,0.0,301,3004733.0
63410.0,0.0,301,3004733.0
63415.0,0.0,301,3004733.0
63420.0,0.0,301,3004733.0
63425.0,0.0,301,3004733.0
63430.0,0.0,301,3004733.0
63435.0,0.0,301,3004733.0
63440.0,0.0,301,3004733.0
63445.0,0.0,301,3004733.0
63450.0,0.0,301,3004733.0
63455.0,0.0,301,3004733.0
63460.0,0.0,301,3004733.0
63465.0,0.0,301,3004733.0
63470.0,0.0,301,3004733.0
63475.0,0.0,301,3004733.0
63480.0,0.0,301,3004733.0
63485.0,0.0,301,3004733.0
63490.0,0.0,301,3004733.0
63495.0,0.0,301,3004733.0
63500.0,0.0,301,3004733.0
63505.0,0.0,301,3004733.0
63510.0,0.0,301,3004733.0
63515.0,0.0,301,3004733.0
63520.0,0.0,301,3004733.0
63525.0,0.0,301,3004733.0
63530.0,0.0,301,3004733.0
63535.0,0.0,301,3004733.0
63540.0,0.0,301,3004733.0
63545.0,0.0,301,3004733.0
63550.0,0.0,301,3004733.0
63555.0,0.0,301,3004733.0
63560.0,0.0,301,3004733.0
63565.0,0.0,301,3004733.0
63570.0,0.0,301,3004733.0
63575.0,0.0,301,3004733.0
63580.0,0.0,301,3004733.0
63585.0,0.0,301,3004733.0
63590.0,0.0,301,3004733.0
63595.0,0.0,301,3004733.0
63600.0,0.0,301,3004733.0
63605.0,0.0,301,3004733.0
63610.0,0.0,301,3004733.0
63615.0,0.0,301,3004733.0
63620.0,0.0,301,3004733.0
63625.0,0.0,301,3004733.0
63630.0,0.0,301,3004733.0
63635.0,0.0,301,3004733.0
63640.0,0.0,301,3004733.0
63645.0,0.0,301,3004733.0
63650.0,0.0,301,3004733.0
63655.0,0.0,301,3004733.0
63660.0,0.0,301,3004733.0
63665.0,0.0,301,3004733.0
63670.0,0.0,301,3004733.0
63675.0,0.0,301,3004733.0
63680.0,0.0,301,3004733.0
63685.0,0.0,301,3004733.0
63690.0,0.0,301,3004733.0
63695.0,0.0,301,3004733.0
63700.0,0.0,301,3004733.0
63705.0,0.0,301,3004733.0
63710.0,0.0,301,3004733.0
63715.0,0.0,301,3004733.0
63720.0,0.0,301,3004733.0
63725.0,0.0,301,3004733.0
63730.0,0.0,301,3004733.0
63735.0,0.0,301,3004733.0
63740.0,0.0,301,3004733.0
63745.0,0.0,301,3004733.0
63750.0,0.0,301,3004733.0
63755.0,0.0,301,3004733.0
63760.0,0.0,301,3004733.0
63765.0,0.0,301,3004733.0
63770.0,0.0,301,3004733.0
63775.0,0.0,301,3004733.0
63780.0,0.0,301,3004733.0
63785.0,0.0,301,3004733.0
63790.0,0.0,301,3004733.0
63795.0,0.0,301,3004733.0
63800.0,0.0,301,3004733.0
63805.0,0.0,301,3004733.0
63810.0,0.0,301,3004733.0
63815.0,0.0,301,3004733.0
63820.0,0.0,301,3004733.0
63825.0,0.0,301,3004733.0
63830.0,0.0,301,3004733.0
63835.0,0.0,301,3004733.0
63840.0,0.0,301,3004733.0
63845.0,0.0,301,3004733.0
63850.0,0.0,301,3004733.0
63855.0,0.0,301,3004733.0
63860.0,0.0,301,3004733.0
63865.0,0.0,301,3004733.0
63870.0,0.0,301,3004733.0
63875.0,0.0,301,3004733.0
63880.0,0.0,301,3004733.0
63885.0,0.0,301,3004733.0
63890.0,0.0,301,3004733.0
63895.0,0.0,301,3004733.0
63900.0,0.0,301,3004733.0
63905.0,0.0,301,3004733.0
63910.0,0.0,301,3004733.0
63915.0,0.0,301,3004733.0
63920.0,0.0,301,3004733.0
63925.0,0.0,301,3004733.0
63930.0,0.0,301,3004733.0
63935.0,0.0,301,3004733.0
63940.0,0.0,301,3004733.0
63945.0,0.0,301,3004733.0
63950.0,0.0,301,3004733.0
63955.0,0.0,301,3004733.0
63960.0,0.0,301,3004733.0
63965.0,0.0,301,3004733.0
63970.0,0.0,301,3004733.0
63975.0,0.0,301,3004733.0
63980.0,0.0,301,3004733.0
63985.0,0.0,301,3004733.0
63990.0,0.0,301,3004733.0
63995.0,0.0,301,3004733.0
64000.0,0.0,301,3004733.0
64005.0,0.0,301,3004733.0
64010.0,0.0,301,3004733.0
64015.0,0.0,301,3004733.0
64020.0,0.0,301,3004733.0
64025.0,0.0,301,3004733.0
64030.0,0.0,301,3004733.0
64035.0,0.0,301,3004733.0
64040.0,0.0,301,3004733.0
64045.0,0.0,301,3004733.0
64050.0,0.0,301,3004733.0
64055.0,0.0,301,3004733.0
64060.0,0.0,301,3004733.0
64065.0,0.0,301,3004733.0
64070.0,0.0,301,3004733.0
64075.0,0.0,301,3004733.0
64080.0,0.0,301,3004733.0
64085.0,0.0,301,3004733.0
64090.0,0.0,301,3004733.0
64095.0,0.0,301,3004733.0
64100.0,0.0,301,3004733.0
64105.0,0.0,301,3004733.0
64110.0,0.0,301,3004733.0
64115.0,0.0,301,3004733.0
64120.0,0.0,301,3004733.0
64125.0,0.0,301,3004733.0
64130.0,0.0,301,3004733.0
64135.0,0.0,301,3004733.0
64140.0,0.0,301,3004733.0
64145.0,0.0,301,3004733.0
64150.0,0.0,301,3004733.0
64155.0,0.0,301,3004733.0
64160.0,0.0,301,3004733.0
64165.0,0.0,301,3004733.0
64170.0,0.0,301,3004733.0
64175.0,0.0,301,3004733.0
64180.0,0.0,301,3004733.0
64185.0,0.0,301,3004733.0
64190.0,0.0,301,3004733.0
64195.0,0.0,301,3004733.0
64200.0,0.0,301,3004733.0
64205.0,0.0,301,3004733.0
64210.0,0.0,301,3004733.0
64215.0,0.0,301,3004733.0
64220.0,0.0,301,3004733.0
64225.0,0.0,301,3004733.0
64230.0,0.0,301,3004733.0
64235.0,0.0,301,3004733.0
64240.0,0.0,301,3004733.0
64245.0,0.0,301,3004733.0
64250.0,0.0,301,3004733.0
64255.0,0.0,301,3004733.0
64260.0,0.0,301,3004733.0
64265.0,0.0,301,3004733.0
64270.0,0.0,301,3004733.0
64275.0,0.0,301,3004733.0
64280.0,0.0,301,3004733.0
64285.0,0.0,301,3004733.0
64290.0,0.0,301,3004733.0
64295.0,0.0,301,3004733.0
64300.0,0.0,301,3004733.0
64305.0,0.0,301,3004733.0
64310.0,0.0,301,3004733.0
64315.0,0.0,301,3004733.0
64320.0,0.0,301,3004733.0
64325.0,0.0,301,3004733.0
64330.0,0.0,301,3004733.0
64335.0,0.0,301,3004733.0
64340.0,0.0,301,3004733.0
64345.0,0.0,301,3004733.0
64350.0,0.0,301,3004733.0
64355.0,0.0,301,3004733.0
64360.0,0.0,301,3004733.0
64365.0,0.0,301,3004733.0
64370.0,0.0,301,3004733.0
64375.0,0.0,301,3004733.0
64380.0,0.0,301,3004733.0
64385.0,0.0,301,3004733.0
64390.0,0.0,301,3004733.0
64395.0,0.0,301,3004733.0
64400.0,0.0,301,3004733.0
64405.0,0.0,301,3004733.0
64410.0,0.0,301,3004733.0
64415.0,0.0,301,3004733.0
64420.0,0.0,301,3004733.0
64425.0,0.0,301,3004733.0
64430.0,0.0,301,3004733.0
64435.0,0.0,301,3004733.0
64440.0,0.0,301,3004733.0
64445.0,0.0,301,3004733.0
64450.0,0.0,301,3004733.0
64455.0,0.0,301,3004733.0
64460.0,0.0,301,3004733.0
64465.0,0.0,301,3004733.0
64470.0,0.0,301,3004733.0
64475.0,0.0,301,3004733.0
64480.0,0.0,301,3004733.0
64485.0,0.0,301,3004733.0
64490.0,0.0,301,3004733.0
64495.0,0.0,301,3004733.0
64500.0,0.0,301,3004733.0
64505.0,0.0,301,3004733.0
64510.0,0.0,301,3004733.0
64515.0,0.0,301,3004733.0
64520.0,0.0,301,3004733.0
64525.0,0.0,301,3004733.0
64530.0,0.0,301,3004733.0
64535.0,0.0,301,3004733.0
64540.0,0.0,301,3004733.0
64545.0,0.0,301,3004733.0
64550.0,0.0,301,3004733.0
64555.0,0.0,301,3004733.0
64560.0,0.0,301,3004733.0
64565.0,0.0,301,3004733.0
64570.0,0.0,301,3004733.0
64575.0,0.0,301,3004733.0
64580.0,0.0,301,3004733.0
64585.0,0.0,301,3004733.0
64590.0,0.0,301,3004733.0
64595.0,0.0,301,3004733.0
64600.0,0.0,301,3004733.0
64605.0,0.0,301,3004733.0
64610.0,0.0,301,3004733.0
64615.0,0.0,301,3004733.0
64620.0,0.0,301,3004733.0
64625.0,0.0,301,3004733.0
64630.0,0.0,301,3004733.0
64635.0,0.0,301,3004733.0
64640.0,0.0,301,3004733.0
64645.0,0.0,301,3004733.0
64650.0,0.0,301,3004733.0
64655.0,0.0,301,3004733.0
64660.0,0.0,301,3004733.0
64665.0,0.0,301,3004733.0
64670.0,0.0,301,3004733.0
64675.0,0.0,301,3004733.0
64680.0,0.0,301,3004733.0
64685.0,0.0,301,3004733.0
64690.0,0.0,301,3004733.0
64695.0,0.0,301,3004733.0
64700.0,0.0,301,3004733.0
64705.0,0.0,301,3004733.0
64710.0,0.0,301,3004733.0
64715.0,0.0,301,3004733.0
64720.0,0.0,301,3004733.0
64725.0,0.0,301,3004733.0
64730.0,0.0,301,3004733.0
64735.0,0.0,301,3004733.0
64740.0,0.0,301,3004733.0
64745.0,0.0,301,3004733.0
64750.0,0.0,301,3004733.0
64755.0,0.0,301,3004733.0
64760.0,0.0,301,3004733.0
64765.0,0.0,301,3004733.0
64770.0,0.0,301,3004733.0
64775.0,0.0,301,3004733.0
64780.0,0.0,301,3004733.0
64785.0,0.0,301,3004733.0
64790.0,0.0,301,3004733.0
64795.0,0.0,301,3004733.0
64800.0,0.0,301,3004733.0
64805.0,0.0,301,3004733.0
64810.0,0.0,301,3004733.0
64815.0,0.0,301,3004733.0
64820.0,0.0,301,3004733.0
64825.0,0.0,301,3004733.0
64830.0,0.0,301,3004733.0
64835.0,0.0,301,3004733.0
64840.0,0.0,301,3004733.0
64845.0,0.0,301,3004733.0
64850.0,0.0,301,3004733.0
64855.0,0.0,301,3004733.0
64860.0,0.0,301,3004733.0
64865.0,0.0,301,3004733.0
64870.0,0.0,301,3004733.0
64875.0,0.0,301,3004733.0
64880.0,0.0,301,3004733.0
64885.0,0.0,301,3004733.0
64890.0,0.0,301,3004733.0
64895.0,0.0,301,3004733.0
64900.0,0.0,301,3004733.0
64905.0,0.0,301,3004733.0
64910.0,0.0,301,3004733.0
64915.0,0.0,301,3004733.0
64920.0,0.0,301,3004733.0
64925.0,0.0,301,3004733.0
64930.0,0.0,301,3004733.0
64935.0,0.0,301,3004733.0
64940.0,0.0,301,3004733.0
64945.0,0.0,301,3004733.0
64950.0,0.0,301,3004733.0
64955.0,0.0,301,3004733.0
64960.0,0.0,301,3004733.0
64965.0,0.0,301,3004733.0
64970.0,0.0,301,3004733.0
64975.0,0.0,301,3004733.0
64980.0,0.0,301,3004733.0
64985.0,0.0,301,3004733.0
64990.0,0.0,301,3004733.0
64995.0,0.0,301,3004733.0
65000.0,0.0,301,3004733.0
65005.0,0.0,301,3004733.0
65010.0,0.0,301,3004733.0
65015.0,0.0,301,3004733.0
65020.0,0.0,301,3004733.0
65025.0,0.0,301,3004733.0
65030.0,0.0,301,3004733.0
65035.0,0.0,301,3004733.0
65040.0,0.0,301,3004733.0
65045.0,0.0,301,3004733.0
65050.0,0.0,301,3004733.0
65055.0,0.0,301,3004733.0
65060.0,0.0,301,3004733.0
65065.0,0.0,301,3004733.0
65070.0,0.0,301,3004733.0
65075.0,0.0,301,3004733.0
65080.0,0.0,301,3004733.0
65085.0,0.0,301,3004733.0
65090.0,0.0,301,3004733.0
65095.0,0.0,301,3004733.0
65100.0,0.0,301,3004733.0
65105.0,0.0,301,3004733.0
65110.0,0.0,301,3004733.0
65115.0,0.0,301,3004733.0
65120.0,0.0,301,3004733.0
65125.0,0.0,301,3004733.0
65130.0,0.0,301,3004733.0
65135.0,0.0,301,3004733.0
65140.0,0.0,301,3004733.0
65145.0,0.0,301,3004733.0
65150.0,0.0,301,3004733.0
65155.0,0.0,301,3004733.0
65160.0,0.0,301,3004733.0
65165.0,0.0,301,3004733.0
65170.0,0.0,301,3004733.0
65175.0,0.0,301,3004733.0
65180.0,0.0,301,3004733.0
65185.0,0.0,301,3004733.0
65190.0,0.0,301,3004733.0
65195.0,0.0,301,3004733.0
65200.0,0.0,301,3004733.0
65205.0,0.0,301,3004733.0
65210.0,0.0,301,3004733.0
65215.0,0.0,301,3004733.0
65220.0,0.0,301,3004733.0
65225.0,0.0,301,3004733.0
65230.0,0.0,301,3004733.0
65235.0,0.0,301,3004733.0
65240.0,0.0,301,3004733.0
65245.0,0.0,301,3004733.0
65250.0,0.0,301,3004733.0
65255.0,0.0,301,3004733.0
65260.0,0.0,301,3004733.0
65265.0,0.0,301,3004733.0
65270.0,0.0,301,3004733.0
65275.0,0.0,301,3004733.0
65280.0,0.0,301,3004733.0
65285.0,0.0,301,3004733.0
65290.0,0.0,301,3004733.0
65295.0,0.0,301,3004733.0
65300.0,0.0,301,3004733.0
65305.0,0.0,301,3004733.0
65310.0,0.0,301,3004733.0
65315.0,0.0,301,3004733.0
65320.0,0.0,301,3004733.0
65325.0,0.0,301,3004733.0
65330.0,0.0,301,3004733.0
65335.0,0.0,301,3004733.0
65340.0,0.0,301,3004733.0
65345.0,0.0,301,3004733.0
65350.0,0.0,301,3004733.0
65355.0,0.0,301,3004733.0
65360.0,0.0,301,3004733.0
65365.0,0.0,301,3004733.0
65370.0,0.0,301,3004733.0
65375.0,0.0,301,3004733.0
65380.0,0.0,301,3004733.0
65385.0,0.0,301,3004733.0
65390.0,0.0,301,3004733.0
65395.0,0.0,301,3004733.0
65400.0,0.0,301,3004733.0
65405.0,0.0,301,3004733.0
65410.0,0.0,301,3004733.0
65415.0,0.0,301,3004733.0
65420.0,0.0,301,3004733.0
65425.0,0.0,301,3004733.0
65430.0,0.0,301,3004733.0
65435.0,0.0,301,3004733.0
65440.0,0.0,301,3004733.0
65445.0,0.0,301,3004733.0
65450.0,0.0,301,3004733.0
65455.0,0.0,301,3004733.0
65460.0,0.0,301,3004733.0
65465.0,0.0,301,3004733.0
65470.0,0.0,301,3004733.0
65475.0,0.0,301,3004733.0
65480.0,0.0,301,3004733.0
65485.0,0.0,301,3004733.0
65490.0,0.0,301,3004733.0
65495.0,0.0,301,3004733.0
65500.0,0.0,301,3004733.0
65505.0,0.0,301,3004733.0
65510.0,0.0,301,3004733.0
65515.0,0.0,301,3004733.0
65520.0,0.0,301,3004733.0
65525.0,0.0,301,3004733.0
65530.0,0.0,301,3004733.0
65535.0,0.0,301,3004733.0
65540.0,0.0,301,3004733.0
65545.0,0.0,301,3004733.0
65550.0,0.0,301,3004733.0
65555.0,0.0,301,3004733.0
65560.0,0.0,301,3004733.0
65565.0,0.0,301,3004733.0
65570.0,0.0,301,3004733.0
65575.0,0.0,301,3004733.0
65580.0,0.0,301,3004733.0
65585.0,0.0,301,3004733.0
65590.0,0.0,301,3004733.0
65595.0,0.0,301,3004733.0
65600.0,0.0,301,3004733.0
65605.0,0.0,301,3004733.0
65610.0,0.0,301,3004733.0
65615.0,0.0,301,3004733.0
65620.0,0.0,301,3004733.0
65625.0,0.0,301,3004733.0
65630.0,0.0,301,3004733.0
65635.0,0.0,301,3004733.0
65640.0,0.0,301,3004733.0
65645.0,0.0,301,3004733.0
65650.0,0.0,301,3004733.0
65655.0,0.0,301,3004733.0
65660.0,0.0,301,3004733.0
65665.0,0.0,301,3004733.0
65670.0,0.0,301,3004733.0
65675.0,0.0,301,3004733.0
65680.0,0.0,301,3004733.0
65685.0,0.0,301,3004733.0
65690.0,0.0,301,3004733.0
65695.0,0.0,301,3004733.0
65700.0,0.0,301,3004733.0
65705.0,0.0,301,3004733.0
65710.0,0.0,301,3004733.0
65715.0,0.0,301,3004733.0
65720.0,0.0,301,3004733.0
65725.0,0.0,301,3004733.0
65730.0,0.0,301,3004733.0
65735.0,0.0,301,3004733.0
65740.0,0.0,301,3004733.0
65745.0,0.0,301,3004733.0
65750.0,0.0,301,3004733.0
65755.0,0.0,301,3004733.0
65760.0,0.0,301,3004733.0
65765.0,0.0,301,3004733.0
65770.0,0.0,301,3004733.0
65775.0,0.0,301,3004733.0
65780.0,0.0,301,3004733.0
65785.0,0.0,301,3004733.0
65790.0,0.0,301,3004733.0
65795.0,0.0,301,3004733.0
65800.0,0.0,301,3004733.0
65805.0,0.0,301,3004733.0
65810.0,0.0,301,3004733.0
65815.0,0.0,301,3004733.0
65820.0,0.0,301,3004733.0
65825.0,0.0,301,3004733.0
65830.0,0.0,301,3004733.0
65835.0,0.0,301,3004733.0
65840.0,0.0,301,3004733.0
65845.0,0.0,301,3004733.0
65850.0,0.0,301,3004733.0
65855.0,0.0,301,3004733.0
65860.0,0.0,301,3004733.0
65865.0,0.0,301,3004733.0
65870.0,0.0,301,3004733.0
65875.0,0.0,301,3004733.0
65880.0,0.0,301,3004733.0
65885.0,0.0,301,3004733.0
65890.0,0.0,301,3004733.0
65895.0,0.0,301,3004733.0
65900.0,0.0,301,3004733.0
65905.0,0.0,301,3004733.0
65910.0,0.0,301,3004733.0
65915.0,0.0,301,3004733.0
65920.0,0.0,301,3004733.0
65925.0,0.0,301,3004733.0
65930.0,0.0,301,3004733.0
65935.0,0.0,301,3004733.0
65940.0,0.0,301,3004733.0
65945.0,0.0,301,3004733.0
65950.0,0.0,301,3004733.0
65955.0,0.0,301,3004733.0
65960.0,0.0,301,3004733.0
65965.0,0.0,301,3004733.0
65970.0,0.0,301,3004733.0
65975.0,0.0,301,3004733.0
65980.0,0.0,301,3004733.0
65985.0,0.0,301,3004733.0
65990.0,0.0,301,3004733.0
65995.0,0.0,301,3004733.0
66000.0,0.0,301,3004733.0
66005.0,0.0,301,3004733.0
66010.0,0.0,301,3004733.0
66015.0,0.0,301,3004733.0
66020.0,0.0,301,3004733.0
66025.0,0.0,301,3004733.0
66030.0,0.0,301,3004733.0
66035.0,0.0,301,3004733.0
66040.0,0.0,301,3004733.0
66045.0,0.0,301,3004733.0
66050.0,0.0,301,3004733.0
66055.0,0.0,301,3004733.0
66060.0,0.0,301,3004733.0
66065.0,0.0,301,3004733.0
66070.0,0.0,301,3004733.0
66075.0,0.0,301,3004733.0
66080.0,0.0,301,3004733.0
66085.0,0.0,301,3004733.0
66090.0,0.0,301,3004733.0
66095.0,0.0,301,3004733.0
66100.0,0.0,301,3004733.0
66105.0,0.0,301,3004733.0
66110.0,0.0,301,3004733.0
66115.0,0.0,301,3004733.0
66120.0,0.0,301,3004733.0
66125.0,0.0,301,3004733.0
66130.0,0.0,301,3004733.0
66135.0,0.0,301,3004733.0
66140.0,0.0,301,3004733.0
66145.0,0.0,301,3004733.0
66150.0,0.0,301,3004733.0
66155.0,0.0,301,3004733.0
66160.0,0.0,301,3004733.0
66165.0,0.0,301,3004733.0
66170.0,0.0,301,3004733.0
66175.0,0.0,301,3004733.0
66180.0,0.0,301,3004733.0
66185.0,0.0,301,3004733.0
66190.0,0.0,301,3004733.0
66195.0,0.0,301,3004733.0
66200.0,0.0,301,3004733.0
66205.0,0.0,301,3004733.0
66210.0,0.0,301,3004733.0
66215.0,0.0,301,3004733.0
66220.0,0.0,301,3004733.0
66225.0,0.0,301,3004733.0
66230.0,0.0,301,3004733.0
66235.0,0.0,301,3004733.0
66240.0,0.0,301,3004733.0
66245.0,0.0,301,3004733.0
66250.0,0.0,301,3004733.0
66255.0,0.0,301,3004733.0
66260.0,0.0,301,3004733.0
66265.0,0.0,301,3004733.0
66270.0,0.0,301,3004733.0
66275.0,0.0,301,3004733.0
66280.0,0.0,301,3004733.0
66285.0,0.0,301,3004733.0
66290.0,0.0,301,3004733.0
66295.0,0.0,301,3004733.0
66300.0,0.0,301,3004733.0
66305.0,0.0,301,3004733.0
66310.0,0.0,301,3004733.0
66315.0,0.0,301,3004733.0
66320.0,0.0,301,3004733.0
66325.0,0.0,301,3004733.0
66330.0,0.0,301,3004733.0
66335.0,0.0,301,3004733.0
66340.0,0.0,301,3004733.0
66345.0,0.0,301,3004733.0
66350.0,0.0,301,3004733.0
66355.0,0.0,301,3004733.0
66360.0,0.0,301,3004733.0
66365.0,0.0,301,3004733.0
66370.0,0.0,301,3004733.0
66375.0,0.0,301,3004733.0
66380.0,0.0,301,3004733.0
66385.0,0.0,301,3004733.0
66390.0,0.0,301,3004733.0
66395.0,0.0,301,3004733.0
66400.0,0.0,301,3004733.0
66405.0,0.0,301,3004733.0
66410.0,0.0,301,3004733.0
66415.0,0.0,301,3004733.0
66420.0,0.0,301,3004733.0
66425.0,0.0,301,3004733.0
66430.0,0.0,301,3004733.0
66435.0,0.0,301,3004733.0
66440.0,0.0,301,3004733.0
66445.0,0.0,301,3004733.0
66450.0,0.0,301,3004733.0
66455.0,0.0,301,3004733.0
66460.0,0.0,301,3004733.0
66465.0,0.0,301,3004733.0
66470.0,0.0,301,3004733.0
66475.0,0.0,301,3004733.0
66480.0,0.0,301,3004733.0
66485.0,0.0,301,3004733.0
66490.0,0.0,301,3004733.0
66495.0,0.0,301,3004733.0
66500.0,0.0,301,3004733.0
66505.0,0.0,301,3004733.0
66510.0,0.0,301,3004733.0
66515.0,0.0,301,3004733.0
66520.0,0.0,301,3004733.0
66525.0,0.0,301,3004733.0
66530.0,0.0,301,3004733.0
66535.0,0.0,301,3004733.0
66540.0,0.0,301,3004733.0
66545.0,0.0,301,3004733.0
66550.0,0.0,301,3004733.0
66555.0,0.0,301,3004733.0
66560.0,0.0,301,3004733.0
66565.0,0.0,301,3004733.0
66570.0,0.0,301,3004733.0
66575.0,0.0,301,3004733.0
66580.0,0.0,301,3004733.0
66585.0,0.0,301,3004733.0
66590.0,0.0,301,3004733.0
66595.0,0.0,301,3004733.0
66600.0,0.0,301,3004733.0
66605.0,0.0,301,3004733.0
66610.0,0.0,301,3004733.0
66615.0,0.0,301,3004733.0
66620.0,0.0,301,3004733.0
66625.0,0.0,301,3004733.0
66630.0,0.0,301,3004733.0
66635.0,0.0,301,3004733.0
66640.0,0.0,301,3004733.0
66645.0,0.0,301,3004733.0
66650.0,0.0,301,3004733.0
66655.0,0.0,301,3004733.0
66660.0,0.0,301,3004733.0
66665.0,0.0,301,3004733.0
66670.0,0.0,301,3004733.0
66675.0,0.0,301,3004733.0
66680.0,0.0,301,3004733.0
66685.0,0.0,301,3004733.0
66690.0,0.0,301,3004733.0
66695.0,0.0,301,3004733.0
66700.0,0.0,301,3004733.0
66705.0,0.0,301,3004733.0
66710.0,0.0,301,3004733.0
66715.0,0.0,301,3004733.0
66720.0,0.0,301,3004733.0
66725.0,0.0,301,3004733.0
66730.0,0.0,301,3004733.0
66735.0,0.0,301,3004733.0
66740.0,0.0,301,3004733.0
66745.0,0.0,301,3004733.0
66750.0,0.0,301,3004733.0
66755.0,0.0,301,3004733.0
66760.0,0.0,301,3004733.0
66765.0,0.0,301,3004733.0
66770.0,0.0,301,3004733.0
66775.0,0.0,301,3004733.0
66780.0,0.0,301,3004733.0
66785.0,0.0,301,3004733.0
66790.0,0.0,301,3004733.0
66795.0,0.0,301,3004733.0
66800.0,0.0,301,3004733.0
66805.0,0.0,301,3004733.0
66810.0,0.0,301,3004733.0
66815.0,0.0,301,3004733.0
66820.0,0.0,301,3004733.0
66825.0,0.0,301,3004733.0
66830.0,0.0,301,3004733.0
66835.0,0.0,301,3004733.0
66840.0,0.0,301,3004733.0
66845.0,0.0,301,3004733.0
66850.0,0.0,301,3004733.0
66855.0,0.0,301,3004733.0
66860.0,0.0,301,3004733.0
66865.0,0.0,301,3004733.0
66870.0,0.0,301,3004733.0
66875.0,0.0,301,3004733.0
66880.0,0.0,301,3004733.0
66885.0,0.0,301,3004733.0
66890.0,0.0,301,3004733.0
66895.0,0.0,301,3004733.0
66900.0,0.0,301,3004733.0
66905.0,0.0,301,3004733.0
66910.0,0.0,301,3004733.0
66915.0,0.0,301,3004733.0
66920.0,0.0,301,3004733.0
66925.0,0.0,301,3004733.0
66930.0,0.0,301,3004733.0
66935.0,0.0,301,3004733.0
66940.0,0.0,301,3004733.0
66945.0,0.0,301,3004733.0
66950.0,0.0,301,3004733.0
66955.0,0.0,301,3004733.0
66960.0,0.0,301,3004733.0
66965.0,0.0,301,3004733.0
66970.0,0.0,301,3004733.0
66975.0,0.0,301,3004733.0
66980.0,0.0,301,3004733.0
66985.0,0.0,301,3004733.0
66990.0,0.0,301,3004733.0
66995.0,0.0,301,3004733.0
67000.0,0.0,301,3004733.0
67005.0,0.0,301,3004733.0
67010.0,0.0,301,3004733.0
67015.0,0.0,301,3004733.0
67020.0,0.0,301,3004733.0
67025.0,0.0,301,3004733.0
67030.0,0.0,301,3004733.0
67035.0,0.0,301,3004733.0
67040.0,0.0,301,3004733.0
67045.0,0.0,301,3004733.0
67050.0,0.0,301,3004733.0
67055.0,0.0,301,3004733.0
67060.0,0.0,301,3004733.0
67065.0,0.0,301,3004733.0
67070.0,0.0,301,3004733.0
67075.0,0.0,301,3004733.0
67080.0,0.0,301,3004733.0
67085.0,0.0,301,3004733.0
67090.0,0.0,301,3004733.0
67095.0,0.0,301,3004733.0
67100.0,0.0,301,3004733.0
67105.0,0.0,301,3004733.0
67110.0,0.0,301,3004733.0
67115.0,0.0,301,3004733.0
67120.0,0.0,301,3004733.0
67125.0,0.0,301,3004733.0
67130.0,0.0,301,3004733.0
67135.0,0.0,301,3004733.0
67140.0,0.0,301,3004733.0
67145.0,0.0,301,3004733.0
67150.0,0.0,301,3004733.0
67155.0,0.0,301,3004733.0
67160.0,0.0,301,3004733.0
67165.0,0.0,301,3004733.0
67170.0,0.0,301,3004733.0
67175.0,0.0,301,3004733.0
67180.0,0.0,301,3004733.0
67185.0,0.0,301,3004733.0
67190.0,0.0,301,3004733.0
67195.0,0.0,301,3004733.0
67200.0,0.0,301,3004733.0
67205.0,0.0,301,3004733.0
67210.0,0.0,301,3004733.0
67215.0,0.0,301,3004733.0
67220.0,0.0,301,3004733.0
67225.0,0.0,301,3004733.0
67230.0,0.0,301,3004733.0
67235.0,0.0,301,3004733.0
67240.0,0.0,301,3004733.0
67245.0,0.0,301,3004733.0
67250.0,0.0,301,3004733.0
67255.0,0.0,301,3004733.0
67260.0,0.0,301,3004733.0
67265.0,0.0,301,3004733.0
67270.0,0.0,301,3004733.0
67275.0,0.0,301,3004733.0
67280.0,0.0,301,3004733.0
67285.0,0.0,301,3004733.0
67290.0,0.0,301,3004733.0
67295.0,0.0,301,3004733.0
67300.0,0.0,301,3004733.0
67305.0,0.0,301,3004733.0
67310.0,0.0,301,3004733.0
67315.0,0.0,301,3004733.0
67320.0,0.0,301,3004733.0
67325.0,0.0,301,3004733.0
67330.0,0.0,301,3004733.0
67335.0,0.0,301,3004733.0
67340.0,0.0,301,3004733.0
67345.0,0.0,301,3004733.0
67350.0,0.0,301,3004733.0
67355.0,0.0,301,3004733.0
67360.0,0.0,301,3004733.0
67365.0,0.0,301,3004733.0
67370.0,0.0,301,3004733.0
67375.0,0.0,301,3004733.0
67380.0,0.0,301,3004733.0
67385.0,0.0,301,3004733.0
67390.0,0.0,301,3004733.0
67395.0,0.0,301,3004733.0
67400.0,0.0,301,3004733.0
67405.0,0.0,301,3004733.0
67410.0,0.0,301,3004733.0
67415.0,0.0,301,3004733.0
67420.0,0.0,301,3004733.0
67425.0,0.0,301,3004733.0
67430.0,0.0,301,3004733.0
67435.0,0.0,301,3004733.0
67440.0,0.0,301,3004733.0
67445.0,0.0,301,3004733.0
67450.0,0.0,301,3004733.0
67455.0,0.0,301,3004733.0
67460.0,0.0,301,3004733.0
67465.0,0.0,301,3004733.0
67470.0,0.0,301,3004733.0
67475.0,0.0,301,3004733.0
67480.0,0.0,301,3004733.0
67485.0,0.0,301,3004733.0
67490.0,0.0,301,3004733.0
67495.0,0.0,301,3004733.0
67500.0,0.0,301,3004733.0
67505.0,0.0,301,3004733.0
67510.0,0.0,301,3004733.0
67515.0,0.0,301,3004733.0
67520.0,0.0,301,3004733.0
67525.0,0.0,301,3004733.0
67530.0,0.0,301,3004733.0
67535.0,0.0,301,3004733.0
67540.0,0.0,301,3004733.0
67545.0,0.0,301,3004733.0
67550.0,0.0,301,3004733.0
67555.0,0.0,301,3004733.0
67560.0,0.0,301,3004733.0
67565.0,0.0,301,3004733.0
67570.0,0.0,301,3004733.0
67575.0,0.0,301,3004733.0
67580.0,0.0,301,3004733.0
67585.0,0.0,301,3004733.0
67590.0,0.0,301,3004733.0
67595.0,0.0,301,3004733.0
67600.0,0.0,301,3004733.0
67605.0,0.0,301,3004733.0
67610.0,0.0,301,3004733.0
67615.0,0.0,301,3004733.0
67620.0,0.0,301,3004733.0
67625.0,0.0,301,3004733.0
67630.0,0.0,301,3004733.0
67635.0,0.0,301,3004733.0
67640.0,0.0,301,3004733.0
67645.0,0.0,301,3004733.0
67650.0,0.0,301,3004733.0
67655.0,0.0,301,3004733.0
67660.0,0.0,301,3004733.0
67665.0,0.0,301,3004733.0
67670.0,0.0,301,3004733.0
67675.0,0.0,301,3004733.0
67680.0,0.0,301,3004733.0
67685.0,0.0,301,3004733.0
67690.0,0.0,301,3004733.0
67695.0,0.0,301,3004733.0
67700.0,0.0,301,3004733.0
67705.0,0.0,301,3004733.0
67710.0,0.0,301,3004733.0
67715.0,0.0,301,3004733.0
67720.0,0.0,301,3004733.0
67725.0,0.0,301,3004733.0
67730.0,0.0,301,3004733.0
67735.0,0.0,301,3004733.0
67740.0,0.0,301,3004733.0
67745.0,0.0,301,3004733.0
67750.0,0.0,301,3004733.0
67755.0,0.0,301,3004733.0
67760.0,0.0,301,3004733.0
67765.0,0.0,301,3004733.0
67770.0,0.0,301,3004733.0
67775.0,0.0,301,3004733.0
67780.0,0.0,301,3004733.0
67785.0,0.0,301,3004733.0
67790.0,0.0,301,3004733.0
67795.0,0.0,301,3004733.0
67800.0,0.0,301,3004733.0
67805.0,0.0,301,3004733.0
67810.0,0.0,301,3004733.0
67815.0,0.0,301,3004733.0
67820.0,0.0,301,3004733.0
67825.0,0.0,301,3004733.0
67830.0,0.0,301,3004733.0
67835.0,0.0,301,3004733.0
67840.0,0.0,301,3004733.0
67845.0,0.0,301,3004733.0
67850.0,0.0,301,3004733.0
67855.0,0.0,301,3004733.0
67860.0,0.0,301,3004733.0
67865.0,0.0,301,3004733.0
67870.0,0.0,301,3004733.0
67875.0,0.0,301,3004733.0
67880.0,0.0,301,3004733.0
67885.0,0.0,301,3004733.0
67890.0,0.0,301,3004733.0
67895.0,0.0,301,3004733.0
67900.0,0.0,301,3004733.0
67905.0,0.0,301,3004733.0
67910.0,0.0,301,3004733.0
67915.0,0.0,301,3004733.0
67920.0,0.0,301,3004733.0
67925.0,0.0,301,3004733.0
67930.0,0.0,301,3004733.0
67935.0,0.0,301,3004733.0
67940.0,0.0,301,3004733.0
67945.0,0.0,301,3004733.0
67950.0,0.0,301,3004733.0
67955.0,0.0,301,3004733.0
67960.0,0.0,301,3004733.0
67965.0,0.0,301,3004733.0
67970.0,0.0,301,3004733.0
67975.0,0.0,301,3004733.0
67980.0,0.0,301,3004733.0
67985.0,0.0,301,3004733.0
67990.0,0.0,301,3004733.0
67995.0,0.0,301,3004733.0
68000.0,0.0,301,3004733.0
68005.0,0.0,301,3004733.0
68010.0,0.0,301,3004733.0
68015.0,0.0,301,3004733.0
68020.0,0.0,301,3004733.0
68025.0,0.0,301,3004733.0
68030.0,0.0,301,3004733.0
68035.0,0.0,301,3004733.0
68040.0,0.0,301,3004733.0
68045.0,0.0,301,3004733.0
68050.0,0.0,301,3004733.0
68055.0,0.0,301,3004733.0
68060.0,0.0,301,3004733.0
68065.0,0.0,301,3004733.0
68070.0,0.0,301,3004733.0
68075.0,0.0,301,3004733.0
68080.0,0.0,301,3004733.0
68085.0,0.0,301,3004733.0
68090.0,0.0,301,3004733.0
68095.0,0.0,301,3004733.0
68100.0,0.0,301,3004733.0
68105.0,0.0,301,3004733.0
68110.0,0.0,301,3004733.0
68115.0,0.0,301,3004733.0
68120.0,0.0,301,3004733.0
68125.0,0.0,301,3004733.0
68130.0,0.0,301,3004733.0
68135.0,0.0,301,3004733.0
68140.0,0.0,301,3004733.0
68145.0,0.0,301,3004733.0
68150.0,0.0,301,3004733.0
68155.0,0.0,301,3004733.0
68160.0,0.0,301,3004733.0
68165.0,0.0,301,3004733.0
68170.0,0.0,301,3004733.0
68175.0,0.0,301,3004733.0
68180.0,0.0,301,3004733.0
68185.0,0.0,301,3004733.0
68190.0,0.0,301,3004733.0
68195.0,0.0,301,3004733.0
68200.0,0.0,301,3004733.0
68205.0,0.0,301,3004733.0
68210.0,0.0,301,3004733.0
68215.0,0.0,301,3004733.0
68220.0,0.0,301,3004733.0
68225.0,0.0,301,3004733.0
68230.0,0.0,301,3004733.0
68235.0,0.0,301,3004733.0
68240.0,0.0,301,3004733.0
68245.0,0.0,301,3004733.0
68250.0,0.0,301,3004733.0
68255.0,0.0,301,3004733.0
68260.0,0.0,301,3004733.0
68265.0,0.0,301,3004733.0
68270.0,0.0,301,3004733.0
68275.0,0.0,301,3004733.0
68280.0,0.0,301,3004733.0
68285.0,0.0,301,3004733.0
68290.0,0.0,301,3004733.0
68295.0,0.0,301,3004733.0
68300.0,0.0,301,3004733.0
68305.0,0.0,301,3004733.0
68310.0,0.0,301,3004733.0
68315.0,0.0,301,3004733.0
68320.0,0.0,301,3004733.0
68325.0,0.0,301,3004733.0
68330.0,0.0,301,3004733.0
68335.0,0.0,301,3004733.0
68340.0,0.0,301,3004733.0
68345.0,0.0,301,3004733.0
68350.0,0.0,301,3004733.0
68355.0,0.0,301,3004733.0
68360.0,0.0,301,3004733.0
68365.0,0.0,301,3004733.0
68370.0,0.0,301,3004733.0
68375.0,0.0,301,3004733.0
68380.0,0.0,301,3004733.0
68385.0,0.0,301,3004733.0
68390.0,0.0,301,3004733.0
68395.0,0.0,301,3004733.0
68400.0,0.0,301,3004733.0
68405.0,0.0,301,3004733.0
68410.0,0.0,301,3004733.0
68415.0,0.0,301,3004733.0
68420.0,0.0,301,3004733.0
68425.0,0.0,301,3004733.0
68430.0,0.0,301,3004733.0
68435.0,0.0,301,3004733.0
68440.0,0.0,301,3004733.0
68445.0,0.0,301,3004733.0
68450.0,0.0,301,3004733.0
68455.0,0.0,301,3004733.0
68460.0,0.0,301,3004733.0
68465.0,0.0,301,3004733.0
68470.0,0.0,301,3004733.0
68475.0,0.0,301,3004733.0
68480.0,0.0,301,3004733.0
68485.0,0.0,301,3004733.0
68490.0,0.0,301,3004733.0
68495.0,0.0,301,3004733.0
68500.0,0.0,301,3004733.0
68505.0,0.0,301,3004733.0
68510.0,0.0,301,3004733.0
68515.0,0.0,301,3004733.0
68520.0,0.0,301,3004733.0
68525.0,0.0,301,3004733.0
68530.0,0.0,301,3004733.0
68535.0,0.0,301,3004733.0
68540.0,0.0,301,3004733.0
68545.0,0.0,301,3004733.0
68550.0,0.0,301,3004733.0
68555.0,0.0,301,3004733.0
68560.0,0.0,301,3004733.0
68565.0,0.0,301,3004733.0
68570.0,0.0,301,3004733.0
68575.0,0.0,301,3004733.0
68580.0,0.0,301,3004733.0
68585.0,0.0,301,3004733.0
68590.0,0.0,301,3004733.0
68595.0,0.0,301,3004733.0
68600.0,0.0,301,3004733.0
68605.0,0.0,301,3004733.0
68610.0,0.0,301,3004733.0
68615.0,0.0,301,3004733.0
68620.0,0.0,301,3004733.0
68625.0,0.0,301,3004733.0
68630.0,0.0,301,3004733.0
68635.0,0.0,301,3004733.0
68640.0,0.0,301,3004733.0
68645.0,0.0,301,3004733.0
68650.0,0.0,301,3004733.0
68655.0,0.0,301,3004733.0
68660.0,0.0,301,3004733.0
68665.0,0.0,301,3004733.0
68670.0,0.0,301,3004733.0
68675.0,0.0,301,3004733.0
68680.0,0.0,301,3004733.0
68685.0,0.0,301,3004733.0
68690.0,0.0,301,3004733.0
68695.0,0.0,301,3004733.0
68700.0,0.0,301,3004733.0
68705.0,0.0,301,3004733.0
68710.0,0.0,301,3004733.0
68715.0,0.0,301,3004733.0
68720.0,0.0,301,3004733.0
68725.0,0.0,301,3004733.0
68730.0,0.0,301,3004733.0
68735.0,0.0,301,3004733.0
68740.0,0.0,301,3004733.0
68745.0,0.0,301,3004733.0
68750.0,0.0,301,3004733.0
68755.0,0.0,301,3004733.0
68760.0,0.0,301,3004733.0
68765.0,0.0,301,3004733.0
68770.0,0.0,301,3004733.0
68775.0,0.0,301,3004733.0
68780.0,0.0,301,3004733.0
68785.0,0.0,301,3004733.0
68790.0,0.0,301,3004733.0
68795.0,0.0,301,3004733.0
68800.0,0.0,301,3004733.0
68805.0,0.0,301,3004733.0
68810.0,0.0,301,3004733.0
68815.0,0.0,301,3004733.0
68820.0,0.0,301,3004733.0
68825.0,0.0,301,3004733.0
68830.0,0.0,301,3004733.0
68835.0,0.0,301,3004733.0
68840.0,0.0,301,3004733.0
68845.0,0.0,301,3004733.0
68850.0,0.0,301,3004733.0
68855.0,0.0,301,3004733.0
68860.0,0.0,301,3004733.0
68865.0,0.0,301,3004733.0
68870.0,0.0,301,3004733.0
68875.0,0.0,301,3004733.0
68880.0,0.0,301,3004733.0
68885.0,0.0,301,3004733.0
68890.0,0.0,301,3004733.0
68895.0,0.0,301,3004733.0
68900.0,0.0,301,3004733.0
68905.0,0.0,301,3004733.0
68910.0,0.0,301,3004733.0
68915.0,0.0,301,3004733.0
68920.0,0.0,301,3004733.0
68925.0,0.0,301,3004733.0
68930.0,0.0,301,3004733.0
68935.0,0.0,301,3004733.0
68940.0,0.0,301,3004733.0
68945.0,0.0,301,3004733.0
68950.0,0.0,301,3004733.0
68955.0,0.0,301,3004733.0
68960.0,0.0,301,3004733.0
68965.0,0.0,301,3004733.0
68970.0,0.0,301,3004733.0
68975.0,0.0,301,3004733.0
68980.0,0.0,301,3004733.0
68985.0,0.0,301,3004733.0
68990.0,0.0,301,3004733.0
68995.0,0.0,301,3004733.0
69000.0,0.0,301,3004733.0
69005.0,0.0,301,3004733.0
69010.0,0.0,301,3004733.0
69015.0,0.0,301,3004733.0
69020.0,0.0,301,3004733.0
69025.0,0.0,301,3004733.0
69030.0,0.0,301,3004733.0
69035.0,0.0,301,3004733.0
69040.0,0.0,301,3004733.0
69045.0,0.0,301,3004733.0
69050.0,0.0,301,3004733.0
69055.0,0.0,301,3004733.0
69060.0,0.0,301,3004733.0
69065.0,0.0,301,3004733.0
69070.0,0.0,301,3004733.0
69075.0,0.0,301,3004733.0
69080.0,0.0,301,3004733.0
69085.0,0.0,301,3004733.0
69090.0,0.0,301,3004733.0
69095.0,0.0,301,3004733.0
69100.0,0.0,301,3004733.0
69105.0,0.0,301,3004733.0
69110.0,0.0,301,3004733.0
69115.0,0.0,301,3004733.0
69120.0,0.0,301,3004733.0
69125.0,0.0,301,3004733.0
69130.0,0.0,301,3004733.0
69135.0,0.0,301,3004733.0
69140.0,0.0,301,3004733.0
69145.0,0.0,301,3004733.0
69150.0,0.0,301,3004733.0
69155.0,0.0,301,3004733.0
69160.0,0.0,301,3004733.0
69165.0,0.0,301,3004733.0
69170.0,0.0,301,3004733.0
69175.0,0.0,301,3004733.0
69180.0,0.0,301,3004733.0
69185.0,0.0,301,3004733.0
69190.0,0.0,301,3004733.0
69195.0,0.0,301,3004733.0
69200.0,0.0,301,3004733.0
69205.0,0.0,301,3004733.0
69210.0,0.0,301,3004733.0
69215.0,0.0,301,3004733.0
69220.0,0.0,301,3004733.0
69225.0,0.0,301,3004733.0
69230.0,0.0,301,3004733.0
69235.0,0.0,301,3004733.0
69240.0,0.0,301,3004733.0
69245.0,0.0,301,3004733.0
69250.0,0.0,301,3004733.0
69255.0,0.0,301,3004733.0
69260.0,0.0,301,3004733.0
69265.0,0.0,301,3004733.0
69270.0,0.0,301,3004733.0
69275.0,0.0,301,3004733.0
69280.0,0.0,301,3004733.0
69285.0,0.0,301,3004733.0
69290.0,0.0,301,3004733.0
69295.0,0.0,301,3004733.0
69300.0,0.0,301,3004733.0
69305.0,0.0,301,3004733.0
69310.0,0.0,301,3004733.0
69315.0,0.0,301,3004733.0
69320.0,0.0,301,3004733.0
69325.0,0.0,301,3004733.0
69330.0,0.0,301,3004733.0
69335.0,0.0,301,3004733.0
69340.0,0.0,301,3004733.0
69345.0,0.0,301,3004733.0
69350.0,0.0,301,3004733.0
69355.0,0.0,301,3004733.0
69360.0,0.0,301,3004733.0
69365.0,0.0,301,3004733.0
69370.0,0.0,301,3004733.0
69375.0,0.0,301,3004733.0
69380.0,0.0,301,3004733.0
69385.0,0.0,301,3004733.0
69390.0,0.0,301,3004733.0
69395.0,0.0,301,3004733.0
69400.0,0.0,301,3004733.0
69405.0,0.0,301,3004733.0
69410.0,0.0,301,3004733.0
69415.0,0.0,301,3004733.0
69420.0,0.0,301,3004733.0
69425.0,0.0,301,3004733.0
69430.0,0.0,301,3004733.0
69435.0,0.0,301,3004733.0
69440.0,0.0,301,3004733.0
69445.0,0.0,301,3004733.0
69450.0,0.0,301,3004733.0
69455.0,0.0,301,3004733.0
69460.0,0.0,301,3004733.0
69465.0,0.0,301,3004733.0
69470.0,0.0,301,3004733.0
69475.0,0.0,301,3004733.0
69480.0,0.0,301,3004733.0
69485.0,0.0,301,3004733.0
69490.0,0.0,301,3004733.0
69495.0,0.0,301,3004733.0
69500.0,0.0,301,3004733.0
69505.0,0.0,301,3004733.0
69510.0,0.0,301,3004733.0
69515.0,0.0,301,3004733.0
69520.0,0.0,301,3004733.0
69525.0,0.0,301,3004733.0
69530.0,0.0,301,3004733.0
69535.0,0.0,301,3004733.0
69540.0,0.0,301,3004733.0
69545.0,0.0,301,3004733.0
69550.0,0.0,301,3004733.0
69555.0,0.0,301,3004733.0
69560.0,0.0,301,3004733.0
69565.0,0.0,301,3004733.0
69570.0,0.0,301,3004733.0
69575.0,0.0,301,3004733.0
69580.0,0.0,301,3004733.0
69585.0,0.0,301,3004733.0
69590.0,0.0,301,3004733.0
69595.0,0.0,301,3004733.0
69600.0,0.0,301,3004733.0
69605.0,0.0,301,3004733.0
69610.0,0.0,301,3004733.0
69615.0,0.0,301,3004733.0
69620.0,0.0,301,3004733.0
69625.0,0.0,301,3004733.0
69630.0,0.0,301,3004733.0
69635.0,0.0,301,3004733.0
69640.0,0.0,301,3004733.0
69645.0,0.0,301,3004733.0
69650.0,0.0,301,3004733.0
69655.0,0.0,301,3004733.0
69660.0,0.0,301,3004733.0
69665.0,0.0,301,3004733.0
69670.0,0.0,301,3004733.0
69675.0,0.0,301,3004733.0
69680.0,0.0,301,3004733.0
69685.0,0.0,301,3004733.0
69690.0,0.0,301,3004733.0
69695.0,0.0,301,3004733.0
69700.0,0.0,301,3004733.0
69705.0,0.0,301,3004733.0
69710.0,0.0,301,3004733.0
69715.0,0.0,301,3004733.0
69720.0,0.0,301,3004733.0
69725.0,0.0,301,3004733.0
69730.0,0.0,301,3004733.0
69735.0,0.0,301,3004733.0
69740.0,0.0,301,3004733.0
69745.0,0.0,301,3004733.0
69750.0,0.0,301,3004733.0
69755.0,0.0,301,3004733.0
69760.0,0.0,301,3004733.0
69765.0,0.0,301,3004733.0
69770.0,0.0,301,3004733.0
69775.0,0.0,301,3004733.0
69780.0,0.0,301,3004733.0
69785.0,0.0,301,3004733.0
69790.0,0.0,301,3004733.0
69795.0,0.0,301,3004733.0
69800.0,0.0,301,3004733.0
69805.0,0.0,301,3004733.0
69810.0,0.0,301,3004733.0
69815.0,0.0,301,3004733.0
69820.0,0.0,301,3004733.0
69825.0,0.0,301,3004733.0
69830.0,0.0,301,3004733.0
69835.0,0.0,301,3004733.0
69840.0,0.0,301,3004733.0
69845.0,0.0,301,3004733.0
69850.0,0.0,301,3004733.0
69855.0,0.0,301,3004733.0
69860.0,0.0,301,3004733.0
69865.0,0.0,301,3004733.0
69870.0,0.0,301,3004733.0
69875.0,0.0,301,3004733.0
69880.0,0.0,301,3004733.0
69885.0,0.0,301,3004733.0
69890.0,0.0,301,3004733.0
69895.0,0.0,301,3004733.0
69900.0,0.0,301,3004733.0
69905.0,0.0,301,3004733.0
69910.0,0.0,301,3004733.0
69915.0,0.0,301,3004733.0
69920.0,0.0,301,3004733.0
69925.0,0.0,301,3004733.0
69930.0,0.0,301,3004733.0
69935.0,0.0,301,3004733.0
69940.0,0.0,301,3004733.0
69945.0,0.0,301,3004733.0
69950.0,0.0,301,3004733.0
69955.0,0.0,301,3004733.0
69960.0,0.0,301,3004733.0
69965.0,0.0,301,3004733.0
69970.0,0.0,301,3004733.0
69975.0,0.0,301,3004733.0
69980.0,0.0,301,3004733.0
69985.0,0.0,301,3004733.0
69990.0,0.0,301,3004733.0
69995.0,0.0,301,3004733.0
70000.0,0.0,301,3004733.0
70005.0,0.0,301,3004733.0
70010.0,0.0,301,3004733.0
70015.0,0.0,301,3004733.0
70020.0,0.0,301,3004733.0
70025.0,0.0,301,3004733.0
70030.0,0.0,301,3004733.0
70035.0,0.0,301,3004733.0
70040.0,0.0,301,3004733.0
70045.0,0.0,301,3004733.0
70050.0,0.0,301,3004733.0
70055.0,0.0,301,3004733.0
70060.0,0.0,301,3004733.0
70065.0,0.0,301,3004733.0
70070.0,0.0,301,3004733.0
70075.0,0.0,301,3004733.0
70080.0,0.0,301,3004733.0
70085.0,0.0,301,3004733.0
70090.0,0.0,301,3004733.0
70095.0,0.0,301,3004733.0
70100.0,0.0,301,3004733.0
70105.0,0.0,301,3004733.0
70110.0,0.0,301,3004733.0
70115.0,0.0,301,3004733.0
70120.0,0.0,301,3004733.0
70125.0,0.0,301,3004733.0
70130.0,0.0,301,3004733.0
70135.0,0.0,301,3004733.0
70140.0,0.0,301,3004733.0
70145.0,0.0,301,3004733.0
70150.0,0.0,301,3004733.0
70155.0,0.0,301,3004733.0
70160.0,0.0,301,3004733.0
70165.0,0.0,301,3004733.0
70170.0,0.0,301,3004733.0
70175.0,0.0,301,3004733.0
70180.0,0.0,301,3004733.0
70185.0,0.0,301,3004733.0
70190.0,0.0,301,3004733.0
70195.0,0.0,301,3004733.0
70200.0,0.0,301,3004733.0
70205.0,0.0,301,3004733.0
70210.0,0.0,301,3004733.0
70215.0,0.0,301,3004733.0
70220.0,0.0,301,3004733.0
70225.0,0.0,301,3004733.0
70230.0,0.0,301,3004733.0
70235.0,0.0,301,3004733.0
70240.0,0.0,301,3004733.0
70245.0,0.0,301,3004733.0
70250.0,0.0,301,3004733.0
70255.0,0.0,301,3004733.0
70260.0,0.0,301,3004733.0
70265.0,0.0,301,3004733.0
70270.0,0.0,301,3004733.0
70275.0,0.0,301,3004733.0
70280.0,0.0,301,3004733.0
70285.0,0.0,301,3004733.0
70290.0,0.0,301,3004733.0
70295.0,0.0,301,3004733.0
70300.0,0.0,301,3004733.0
70305.0,0.0,301,3004733.0
70310.0,0.0,301,3004733.0
70315.0,0.0,301,3004733.0
70320.0,0.0,301,3004733.0
70325.0,0.0,301,3004733.0
70330.0,0.0,301,3004733.0
70335.0,0.0,301,3004733.0
70340.0,0.0,301,3004733.0
70345.0,0.0,301,3004733.0
70350.0,0.0,301,3004733.0
70355.0,0.0,301,3004733.0
70360.0,0.0,301,3004733.0
70365.0,0.0,301,3004733.0
70370.0,0.0,301,3004733.0
70375.0,0.0,301,3004733.0
70380.0,0.0,301,3004733.0
70385.0,0.0,301,3004733.0
70390.0,0.0,301,3004733.0
70395.0,0.0,301,3004733.0
70400.0,0.0,301,3004733.0
70405.0,0.0,301,3004733.0
70410.0,0.0,301,3004733.0
70415.0,0.0,301,3004733.0
70420.0,0.0,301,3004733.0
70425.0,0.0,301,3004733.0
70430.0,0.0,301,3004733.0
70435.0,0.0,301,3004733.0
70440.0,0.0,301,3004733.0
70445.0,0.0,301,3004733.0
70450.0,0.0,301,3004733.0
70455.0,0.0,301,3004733.0
70460.0,0.0,301,3004733.0
70465.0,0.0,301,3004733.0
70470.0,0.0,301,3004733.0
70475.0,0.0,301,3004733.0
70480.0,0.0,301,3004733.0
70485.0,0.0,301,3004733.0
70490.0,0.0,301,3004733.0
70495.0,0.0,301,3004733.0
70500.0,0.0,301,3004733.0
70505.0,0.0,301,3004733.0
70510.0,0.0,301,3004733.0
70515.0,0.0,301,3004733.0
70520.0,0.0,301,3004733.0
70525.0,0.0,301,3004733.0
70530.0,0.0,301,3004733.0
70535.0,0.0,301,3004733.0
70540.0,0.0,301,3004733.0
70545.0,0.0,301,3004733.0
70550.0,0.0,301,3004733.0
70555.0,0.0,301,3004733.0
70560.0,0.0,301,3004733.0
70565.0,0.0,301,3004733.0
70570.0,0.0,301,3004733.0
70575.0,0.0,301,3004733.0
70580.0,0.0,301,3004733.0
70585.0,0.0,301,3004733.0
70590.0,0.0,301,3004733.0
70595.0,0.0,301,3004733.0
70600.0,0.0,301,3004733.0
70605.0,0.0,301,3004733.0
70610.0,0.0,301,3004733.0
70615.0,0.0,301,3004733.0
70620.0,0.0,301,3004733.0
70625.0,0.0,301,3004733.0
70630.0,0.0,301,3004733.0
70635.0,0.0,301,3004733.0
70640.0,0.0,301,3004733.0
70645.0,0.0,301,3004733.0
70650.0,0.0,301,3004733.0
70655.0,0.0,301,3004733.0
70660.0,0.0,301,3004733.0
70665.0,0.0,301,3004733.0
70670.0,0.0,301,3004733.0
70675.0,0.0,301,3004733.0
70680.0,0.0,301,3004733.0
70685.0,0.0,301,3004733.0
70690.0,0.0,301,3004733.0
70695.0,0.0,301,3004733.0
70700.0,0.0,301,3004733.0
70705.0,0.0,301,3004733.0
70710.0,0.0,301,3004733.0
70715.0,0.0,301,3004733.0
70720.0,0.0,301,3004733.0
70725.0,0.0,301,3004733.0
70730.0,0.0,301,3004733.0
70735.0,0.0,301,3004733.0
70740.0,0.0,301,3004733.0
70745.0,0.0,301,3004733.0
70750.0,0.0,301,3004733.0
70755.0,0.0,301,3004733.0
70760.0,0.0,301,3004733.0
70765.0,0.0,301,3004733.0
70770.0,0.0,301,3004733.0
70775.0,0.0,301,3004733.0
70780.0,0.0,301,3004733.0
70785.0,0.0,301,3004733.0
70790.0,0.0,301,3004733.0
70795.0,0.0,301,3004733.0
70800.0,0.0,301,3004733.0
70805.0,0.0,301,3004733.0
70810.0,0.0,301,3004733.0
70815.0,0.0,301,3004733.0
70820.0,0.0,301,3004733.0
70825.0,0.0,301,3004733.0
70830.0,0.0,301,3004733.0
70835.0,0.0,301,3004733.0
70840.0,0.0,301,3004733.0
70845.0,0.0,301,3004733.0
70850.0,0.0,301,3004733.0
70855.0,0.0,301,3004733.0
70860.0,0.0,301,3004733.0
70865.0,0.0,301,3004733.0
70870.0,0.0,301,3004733.0
70875.0,0.0,301,3004733.0
70880.0,0.0,301,3004733.0
70885.0,0.0,301,3004733.0
70890.0,0.0,301,3004733.0
70895.0,0.0,301,3004733.0
70900.0,0.0,301,3004733.0
70905.0,0.0,301,3004733.0
70910.0,0.0,301,3004733.0
70915.0,0.0,301,3004733.0
70920.0,0.0,301,3004733.0
70925.0,0.0,301,3004733.0
70930.0,0.0,301,3004733.0
70935.0,0.0,301,3004733.0
70940.0,0.0,301,3004733.0
70945.0,0.0,301,3004733.0
70950.0,0.0,301,3004733.0
70955.0,0.0,301,3004733.0
70960.0,0.0,301,3004733.0
70965.0,0.0,301,3004733.0
70970.0,0.0,301,3004733.0
70975.0,0.0,301,3004733.0
70980.0,0.0,301,3004733.0
70985.0,0.0,301,3004733.0
70990.0,0.0,301,3004733.0
70995.0,0.0,301,3004733.0
71000.0,0.0,301,3004733.0
71005.0,0.0,301,3004733.0
71010.0,0.0,301,3004733.0
71015.0,0.0,301,3004733.0
71020.0,0.0,301,3004733.0
71025.0,0.0,301,3004733.0
71030.0,0.0,301,3004733.0
71035.0,0.0,301,3004733.0
71040.0,0.0,301,3004733.0
71045.0,0.0,301,3004733.0
71050.0,0.0,301,3004733.0
71055.0,0.0,301,3004733.0
71060.0,0.0,301,3004733.0
71065.0,0.0,301,3004733.0
71070.0,0.0,301,3004733.0
71075.0,0.0,301,3004733.0
71080.0,0.0,301,3004733.0
71085.0,0.0,301,3004733.0
71090.0,0.0,301,3004733.0
71095.0,0.0,301,3004733.0
71100.0,0.0,301,3004733.0
71105.0,0.0,301,3004733.0
71110.0,0.0,301,3004733.0
71115.0,0.0,301,3004733.0
71120.0,0.0,301,3004733.0
71125.0,0.0,301,3004733.0
71130.0,0.0,301,3004733.0
71135.0,0.0,301,3004733.0
71140.0,0.0,301,3004733.0
71145.0,0.0,301,3004733.0
71150.0,0.0,301,3004733.0
71155.0,0.0,301,3004733.0
71160.0,0.0,301,3004733.0
71165.0,0.0,301,3004733.0
71170.0,0.0,301,3004733.0
71175.0,0.0,301,3004733.0
71180.0,0.0,301,3004733.0
71185.0,0.0,301,3004733.0
71190.0,0.0,301,3004733.0
71195.0,0.0,301,3004733.0
71200.0,0.0,301,3004733.0
71205.0,0.0,301,3004733.0
71210.0,0.0,301,3004733.0
71215.0,0.0,301,3004733.0
71220.0,0.0,301,3004733.0
71225.0,0.0,301,3004733.0
71230.0,0.0,301,3004733.0
71235.0,0.0,301,3004733.0
71240.0,0.0,301,3004733.0
71245.0,0.0,301,3004733.0
71250.0,0.0,301,3004733.0
71255.0,0.0,301,3004733.0
71260.0,0.0,301,3004733.0
71265.0,0.0,301,3004733.0
71270.0,0.0,301,3004733.0
71275.0,0.0,301,3004733.0
71280.0,0.0,301,3004733.0
71285.0,0.0,301,3004733.0
71290.0,0.0,301,3004733.0
71295.0,0.0,301,3004733.0
71300.0,0.0,301,3004733.0
71305.0,0.0,301,3004733.0
71310.0,0.0,301,3004733.0
71315.0,0.0,301,3004733.0
71320.0,0.0,301,3004733.0
71325.0,0.0,301,3004733.0
71330.0,0.0,301,3004733.0
71335.0,0.0,301,3004733.0
71340.0,0.0,301,3004733.0
71345.0,0.0,301,3004733.0
71350.0,0.0,301,3004733.0
71355.0,0.0,301,3004733.0
71360.0,0.0,301,3004733.0
71365.0,0.0,301,3004733.0
71370.0,0.0,301,3004733.0
71375.0,0.0,301,3004733.0
71380.0,0.0,301,3004733.0
71385.0,0.0,301,3004733.0
71390.0,0.0,301,3004733.0
71395.0,0.0,301,3004733.0
71400.0,0.0,301,3004733.0
71405.0,0.0,301,3004733.0
71410.0,0.0,301,3004733.0
71415.0,0.0,301,3004733.0
71420.0,0.0,301,3004733.0
71425.0,0.0,301,3004733.0
71430.0,0.0,301,3004733.0
71435.0,0.0,301,3004733.0
71440.0,0.0,301,3004733.0
71445.0,0.0,301,3004733.0
71450.0,0.0,301,3004733.0
71455.0,0.0,301,3004733.0
71460.0,0.0,301,3004733.0
71465.0,0.0,301,3004733.0
71470.0,0.0,301,3004733.0
71475.0,0.0,301,3004733.0
71480.0,0.0,301,3004733.0
71485.0,0.0,301,3004733.0
71490.0,0.0,301,3004733.0
71495.0,0.0,301,3004733.0
71500.0,0.0,301,3004733.0
71505.0,0.0,301,3004733.0
71510.0,0.0,301,3004733.0
71515.0,0.0,301,3004733.0
71520.0,0.0,301,3004733.0
71525.0,0.0,301,3004733.0
71530.0,0.0,301,3004733.0
71535.0,0.0,301,3004733.0
71540.0,0.0,301,3004733.0
71545.0,0.0,301,3004733.0
71550.0,0.0,301,3004733.0
71555.0,0.0,301,3004733.0
71560.0,0.0,301,3004733.0
71565.0,0.0,301,3004733.0
71570.0,0.0,301,3004733.0
71575.0,0.0,301,3004733.0
71580.0,0.0,301,3004733.0
71585.0,0.0,301,3004733.0
71590.0,0.0,301,3004733.0
71595.0,0.0,301,3004733.0
71600.0,0.0,301,3004733.0
71605.0,0.0,301,3004733.0
71610.0,0.0,301,3004733.0
71615.0,0.0,301,3004733.0
71620.0,0.0,301,3004733.0
71625.0,0.0,301,3004733.0
71630.0,0.0,301,3004733.0
71635.0,0.0,301,3004733.0
71640.0,0.0,301,3004733.0
71645.0,0.0,301,3004733.0
71650.0,0.0,301,3004733.0
71655.0,0.0,301,3004733.0
71660.0,0.0,301,3004733.0
71665.0,0.0,301,3004733.0
71670.0,0.0,301,3004733.0
71675.0,0.0,301,3004733.0
71680.0,0.0,301,3004733.0
71685.0,0.0,301,3004733.0
71690.0,0.0,301,3004733.0
71695.0,0.0,301,3004733.0
71700.0,0.0,301,3004733.0
71705.0,0.0,301,3004733.0
71710.0,0.0,301,3004733.0
71715.0,0.0,301,3004733.0
71720.0,0.0,301,3004733.0
71725.0,0.0,301,3004733.0
71730.0,0.0,301,3004733.0
71735.0,0.0,301,3004733.0
71740.0,0.0,301,3004733.0
71745.0,0.0,301,3004733.0
71750.0,0.0,301,3004733.0
71755.0,0.0,301,3004733.0
71760.0,0.0,301,3004733.0
71765.0,0.0,301,3004733.0
71770.0,0.0,301,3004733.0
71775.0,0.0,301,3004733.0
71780.0,0.0,301,3004733.0
71785.0,0.0,301,3004733.0
71790.0,0.0,301,3004733.0
71795.0,0.0,301,3004733.0
71800.0,0.0,301,3004733.0
71805.0,0.0,301,3004733.0
71810.0,0.0,301,3004733.0
71815.0,0.0,301,3004733.0
71820.0,0.0,301,3004733.0
71825.0,0.0,301,3004733.0
71830.0,0.0,301,3004733.0
71835.0,0.0,301,3004733.0
71840.0,0.0,301,3004733.0
71845.0,0.0,301,3004733.0
71850.0,0.0,301,3004733.0
71855.0,0.0,301,3004733.0
71860.0,0.0,301,3004733.0
71865.0,0.0,301,3004733.0
71870.0,0.0,301,3004733.0
71875.0,0.0,301,3004733.0
71880.0,0.0,301,3004733.0
71885.0,0.0,301,3004733.0
71890.0,0.0,301,3004733.0
71895.0,0.0,301,3004733.0
71900.0,0.0,301,3004733.0
71905.0,0.0,301,3004733.0
71910.0,0.0,301,3004733.0
71915.0,0.0,301,3004733.0
71920.0,0.0,301,3004733.0
71925.0,0.0,301,3004733.0
71930.0,0.0,301,3004733.0
71935.0,0.0,301,3004733.0
71940.0,0.0,301,3004733.0
71945.0,0.0,301,3004733.0
71950.0,0.0,301,3004733.0
71955.0,0.0,301,3004733.0
71960.0,0.0,301,3004733.0
71965.0,0.0,301,3004733.0
71970.0,0.0,301,3004733.0
71975.0,0.0,301,3004733.0
71980.0,0.0,301,3004733.0
71985.0,0.0,301,3004733.0
71990.0,0.0,301,3004733.0
71995.0,0.0,301,3004733.0
72000.0,0.0,301,3004733.0
72005.0,0.0,301,3004733.0
72010.0,0.0,301,3004733.0
72015.0,0.0,301,3004733.0
72020.0,0.0,301,3004733.0
72025.0,0.0,301,3004733.0
72030.0,0.0,301,3004733.0
72035.0,0.0,301,3004733.0
72040.0,0.0,301,3004733.0
72045.0,0.0,301,3004733.0
72050.0,0.0,301,3004733.0
72055.0,0.0,301,3004733.0
72060.0,0.0,301,3004733.0
72065.0,0.0,301,3004733.0
72070.0,0.0,301,3004733.0
72075.0,0.0,301,3004733.0
72080.0,0.0,301,3004733.0
72085.0,0.0,301,3004733.0
72090.0,0.0,301,3004733.0
72095.0,0.0,301,3004733.0
72100.0,0.0,301,3004733.0
72105.0,0.0,301,3004733.0
72110.0,0.0,301,3004733.0
72115.0,0.0,301,3004733.0
72120.0,0.0,301,3004733.0
72125.0,0.0,301,3004733.0
72130.0,0.0,301,3004733.0
72135.0,0.0,301,3004733.0
72140.0,0.0,301,3004733.0
72145.0,0.0,301,3004733.0
72150.0,0.0,301,3004733.0
72155.0,0.0,301,3004733.0
72160.0,0.0,301,3004733.0
72165.0,0.0,301,3004733.0
72170.0,0.0,301,3004733.0
72175.0,0.0,301,3004733.0
72180.0,0.0,301,3004733.0
72185.0,0.0,301,3004733.0
72190.0,0.0,301,3004733.0
72195.0,0.0,301,3004733.0
72200.0,0.0,301,3004733.0
72205.0,0.0,301,3004733.0
72210.0,0.0,301,3004733.0
72215.0,0.0,301,3004733.0
72220.0,0.0,301,3004733.0
72225.0,0.0,301,3004733.0
72230.0,0.0,301,3004733.0
72235.0,0.0,301,3004733.0
72240.0,0.0,301,3004733.0
72245.0,0.0,301,3004733.0
72250.0,0.0,301,3004733.0
72255.0,0.0,301,3004733.0
72260.0,0.0,301,3004733.0
72265.0,0.0,301,3004733.0
72270.0,0.0,301,3004733.0
72275.0,0.0,301,3004733.0
72280.0,0.0,301,3004733.0
72285.0,0.0,301,3004733.0
72290.0,0.0,301,3004733.0
72295.0,0.0,301,3004733.0
72300.0,0.0,301,3004733.0
72305.0,0.0,301,3004733.0
72310.0,0.0,301,3004733.0
72315.0,0.0,301,3004733.0
72320.0,0.0,301,3004733.0
72325.0,0.0,301,3004733.0
72330.0,0.0,301,3004733.0
72335.0,0.0,301,3004733.0
72340.0,0.0,301,3004733.0
72345.0,0.0,301,3004733.0
72350.0,0.0,301,3004733.0
72355.0,0.0,301,3004733.0
72360.0,0.0,301,3004733.0
72365.0,0.0,301,3004733.0
72370.0,0.0,301,3004733.0
72375.0,0.0,301,3004733.0
72380.0,0.0,301,3004733.0
72385.0,0.0,301,3004733.0
72390.0,0.0,301,3004733.0
72395.0,0.0,301,3004733.0
72400.0,0.0,301,3004733.0
72405.0,0.0,301,3004733.0
72410.0,0.0,301,3004733.0
72415.0,0.0,301,3004733.0
72420.0,0.0,301,3004733.0
72425.0,0.0,301,3004733.0
72430.0,0.0,301,3004733.0
72435.0,0.0,301,3004733.0
72440.0,0.0,301,3004733.0
72445.0,0.0,301,3004733.0
72450.0,0.0,301,3004733.0
72455.0,0.0,301,3004733.0
72460.0,0.0,301,3004733.0
72465.0,0.0,301,3004733.0
72470.0,0.0,301,3004733.0
72475.0,0.0,301,3004733.0
72480.0,0.0,301,3004733.0
72485.0,0.0,301,3004733.0
72490.0,0.0,301,3004733.0
72495.0,0.0,301,3004733.0
72500.0,0.0,301,3004733.0
72505.0,0.0,301,3004733.0
72510.0,0.0,301,3004733.0
72515.0,0.0,301,3004733.0
72520.0,0.0,301,3004733.0
72525.0,0.0,301,3004733.0
72530.0,0.0,301,3004733.0
72535.0,0.0,301,3004733.0
72540.0,0.0,301,3004733.0
72545.0,0.0,301,3004733.0
72550.0,0.0,301,3004733.0
72555.0,0.0,301,3004733.0
72560.0,0.0,301,3004733.0
72565.0,0.0,301,3004733.0
72570.0,0.0,301,3004733.0
72575.0,0.0,301,3004733.0
72580.0,0.0,301,3004733.0
72585.0,0.0,301,3004733.0
72590.0,0.0,301,3004733.0
72595.0,0.0,301,3004733.0
72600.0,0.0,301,3004733.0
72605.0,0.0,301,3004733.0
72610.0,0.0,301,3004733.0
72615.0,0.0,301,3004733.0
72620.0,0.0,301,3004733.0
72625.0,0.0,301,3004733.0
72630.0,0.0,301,3004733.0
72635.0,0.0,301,3004733.0
72640.0,0.0,301,3004733.0
72645.0,0.0,301,3004733.0
72650.0,0.0,301,3004733.0
72655.0,0.0,301,3004733.0
72660.0,0.0,301,3004733.0
72665.0,0.0,301,3004733.0
72670.0,0.0,301,3004733.0
72675.0,0.0,301,3004733.0
72680.0,0.0,301,3004733.0
72685.0,0.0,301,3004733.0
72690.0,0.0,301,3004733.0
72695.0,0.0,301,3004733.0
72700.0,0.0,301,3004733.0
72705.0,0.0,301,3004733.0
72710.0,0.0,301,3004733.0
72715.0,0.0,301,3004733.0
72720.0,0.0,301,3004733.0
72725.0,0.0,301,3004733.0
72730.0,0.0,301,3004733.0
72735.0,0.0,301,3004733.0
72740.0,0.0,301,3004733.0
72745.0,0.0,301,3004733.0
72750.0,0.0,301,3004733.0
72755.0,0.0,301,3004733.0
72760.0,0.0,301,3004733.0
72765.0,0.0,301,3004733.0
72770.0,0.0,301,3004733.0
72775.0,0.0,301,3004733.0
72780.0,0.0,301,3004733.0
72785.0,0.0,301,3004733.0
72790.0,0.0,301,3004733.0
72795.0,0.0,301,3004733.0
72800.0,0.0,301,3004733.0
72805.0,0.0,301,3004733.0
72810.0,0.0,301,3004733.0
72815.0,0.0,301,3004733.0
72820.0,0.0,301,3004733.0
72825.0,0.0,301,3004733.0
72830.0,0.0,301,3004733.0
72835.0,0.0,301,3004733.0
72840.0,0.0,301,3004733.0
72845.0,0.0,301,3004733.0
72850.0,0.0,301,3004733.0
72855.0,0.0,301,3004733.0
72860.0,0.0,301,3004733.0
72865.0,0.0,301,3004733.0
72870.0,0.0,301,3004733.0
72875.0,0.0,301,3004733.0
72880.0,0.0,301,3004733.0
72885.0,0.0,301,3004733.0
72890.0,0.0,301,3004733.0
72895.0,0.0,301,3004733.0
72900.0,0.0,301,3004733.0
72905.0,0.0,301,3004733.0
72910.0,0.0,301,3004733.0
72915.0,0.0,301,3004733.0
72920.0,0.0,301,3004733.0
72925.0,0.0,301,3004733.0
72930.0,0.0,301,3004733.0
72935.0,0.0,301,3004733.0
72940.0,0.0,301,3004733.0
72945.0,0.0,301,3004733.0
72950.0,0.0,301,3004733.0
72955.0,0.0,301,3004733.0
72960.0,0.0,301,3004733.0
72965.0,0.0,301,3004733.0
72970.0,0.0,301,3004733.0
72975.0,0.0,301,3004733.0
72980.0,0.0,301,3004733.0
72985.0,0.0,301,3004733.0
72990.0,0.0,301,3004733.0
72995.0,0.0,301,3004733.0
73000.0,0.0,301,3004733.0
73005.0,0.0,301,3004733.0
73010.0,0.0,301,3004733.0
73015.0,0.0,301,3004733.0
73020.0,0.0,301,3004733.0
73025.0,0.0,301,3004733.0
73030.0,0.0,301,3004733.0
73035.0,0.0,301,3004733.0
73040.0,0.0,301,3004733.0
73045.0,0.0,301,3004733.0
73050.0,0.0,301,3004733.0
73055.0,0.0,301,3004733.0
73060.0,0.0,301,3004733.0
73065.0,0.0,301,3004733.0
73070.0,0.0,301,3004733.0
73075.0,0.0,301,3004733.0
73080.0,0.0,301,3004733.0
73085.0,0.0,301,3004733.0
73090.0,0.0,301,3004733.0
73095.0,0.0,301,3004733.0
73100.0,0.0,301,3004733.0
73105.0,0.0,301,3004733.0
73110.0,0.0,301,3004733.0
73115.0,0.0,301,3004733.0
73120.0,0.0,301,3004733.0
73125.0,0.0,301,3004733.0
73130.0,0.0,301,3004733.0
73135.0,0.0,301,3004733.0
73140.0,0.0,301,3004733.0
73145.0,0.0,301,3004733.0
73150.0,0.0,301,3004733.0
73155.0,0.0,301,3004733.0
73160.0,0.0,301,3004733.0
73165.0,0.0,301,3004733.0
73170.0,0.0,301,3004733.0
73175.0,0.0,301,3004733.0
73180.0,0.0,301,3004733.0
73185.0,0.0,301,3004733.0
73190.0,0.0,301,3004733.0
73195.0,0.0,301,3004733.0
73200.0,0.0,301,3004733.0
73205.0,0.0,301,3004733.0
73210.0,0.0,301,3004733.0
73215.0,0.0,301,3004733.0
73220.0,0.0,301,3004733.0
73225.0,0.0,301,3004733.0
73230.0,0.0,301,3004733.0
73235.0,0.0,301,3004733.0
73240.0,0.0,301,3004733.0
73245.0,0.0,301,3004733.0
73250.0,0.0,301,3004733.0
73255.0,0.0,301,3004733.0
73260.0,0.0,301,3004733.0
73265.0,0.0,301,3004733.0
73270.0,0.0,301,3004733.0
73275.0,0.0,301,3004733.0
73280.0,0.0,301,3004733.0
73285.0,0.0,301,3004733.0
73290.0,0.0,301,3004733.0
73295.0,0.0,301,3004733.0
73300.0,0.0,301,3004733.0
73305.0,0.0,301,3004733.0
73310.0,0.0,301,3004733.0
73315.0,0.0,301,3004733.0
73320.0,0.0,301,3004733.0
73325.0,0.0,301,3004733.0
73330.0,0.0,301,3004733.0
73335.0,0.0,301,3004733.0
73340.0,0.0,301,3004733.0
73345.0,0.0,301,3004733.0
73350.0,0.0,301,3004733.0
73355.0,0.0,301,3004733.0
73360.0,0.0,301,3004733.0
73365.0,0.0,301,3004733.0
73370.0,0.0,301,3004733.0
73375.0,0.0,301,3004733.0
73380.0,0.0,301,3004733.0
73385.0,0.0,301,3004733.0
73390.0,0.0,301,3004733.0
73395.0,0.0,301,3004733.0
73400.0,0.0,301,3004733.0
73405.0,0.0,301,3004733.0
73410.0,0.0,301,3004733.0
73415.0,0.0,301,3004733.0
73420.0,0.0,301,3004733.0
73425.0,0.0,301,3004733.0
73430.0,0.0,301,3004733.0
73435.0,0.0,301,3004733.0
73440.0,0.0,301,3004733.0
73445.0,0.0,301,3004733.0
73450.0,0.0,301,3004733.0
73455.0,0.0,301,3004733.0
73460.0,0.0,301,3004733.0
73465.0,0.0,301,3004733.0
73470.0,0.0,301,3004733.0
73475.0,0.0,301,3004733.0
73480.0,0.0,301,3004733.0
73485.0,0.0,301,3004733.0
73490.0,0.0,301,3004733.0
73495.0,0.0,301,3004733.0
73500.0,0.0,301,3004733.0
73505.0,0.0,301,3004733.0
73510.0,0.0,301,3004733.0
73515.0,0.0,301,3004733.0
73520.0,0.0,301,3004733.0
73525.0,0.0,301,3004733.0
73530.0,0.0,301,3004733.0
73535.0,0.0,301,3004733.0
73540.0,0.0,301,3004733.0
73545.0,0.0,301,3004733.0
73550.0,0.0,301,3004733.0
73555.0,0.0,301,3004733.0
73560.0,0.0,301,3004733.0
73565.0,0.0,301,3004733.0
73570.0,0.0,301,3004733.0
73575.0,0.0,301,3004733.0
73580.0,0.0,301,3004733.0
73585.0,0.0,301,3004733.0
73590.0,0.0,301,3004733.0
73595.0,0.0,301,3004733.0
73600.0,0.0,301,3004733.0
73605.0,0.0,301,3004733.0
73610.0,0.0,301,3004733.0
73615.0,0.0,301,3004733.0
73620.0,0.0,301,3004733.0
73625.0,0.0,301,3004733.0
73630.0,0.0,301,3004733.0
73635.0,0.0,301,3004733.0
73640.0,0.0,301,3004733.0
73645.0,0.0,301,3004733.0
73650.0,0.0,301,3004733.0
73655.0,0.0,301,3004733.0
73660.0,0.0,301,3004733.0
73665.0,0.0,301,3004733.0
73670.0,0.0,301,3004733.0
73675.0,0.0,301,3004733.0
73680.0,0.0,301,3004733.0
73685.0,0.0,301,3004733.0
73690.0,0.0,301,3004733.0
73695.0,0.0,301,3004733.0
73700.0,0.0,301,3004733.0
73705.0,0.0,301,3004733.0
73710.0,0.0,301,3004733.0
73715.0,0.0,301,3004733.0
73720.0,0.0,301,3004733.0
73725.0,0.0,301,3004733.0
73730.0,0.0,301,3004733.0
73735.0,0.0,301,3004733.0
73740.0,0.0,301,3004733.0
73745.0,0.0,301,3004733.0
73750.0,0.0,301,3004733.0
73755.0,0.0,301,3004733.0
73760.0,0.0,301,3004733.0
73765.0,0.0,301,3004733.0
73770.0,0.0,301,3004733.0
73775.0,0.0,301,3004733.0
73780.0,0.0,301,3004733.0
73785.0,0.0,301,3004733.0
73790.0,0.0,301,3004733.0
73795.0,0.0,301,3004733.0
73800.0,0.0,301,3004733.0
73805.0,0.0,301,3004733.0
73810.0,0.0,301,3004733.0
73815.0,0.0,301,3004733.0
73820.0,0.0,301,3004733.0
73825.0,0.0,301,3004733.0
73830.0,0.0,301,3004733.0
73835.0,0.0,301,3004733.0
73840.0,0.0,301,3004733.0
73845.0,0.0,301,3004733.0
73850.0,0.0,301,3004733.0
73855.0,0.0,301,3004733.0
73860.0,0.0,301,3004733.0
73865.0,0.0,301,3004733.0
73870.0,0.0,301,3004733.0
73875.0,0.0,301,3004733.0
73880.0,0.0,301,3004733.0
73885.0,0.0,301,3004733.0
73890.0,0.0,301,3004733.0
73895.0,0.0,301,3004733.0
73900.0,0.0,301,3004733.0
73905.0,0.0,301,3004733.0
73910.0,0.0,301,3004733.0
73915.0,0.0,301,3004733.0
73920.0,0.0,301,3004733.0
73925.0,0.0,301,3004733.0
73930.0,0.0,301,3004733.0
73935.0,0.0,301,3004733.0
73940.0,0.0,301,3004733.0
73945.0,0.0,301,3004733.0
73950.0,0.0,301,3004733.0
73955.0,0.0,301,3004733.0
73960.0,0.0,301,3004733.0
73965.0,0.0,301,3004733.0
73970.0,0.0,301,3004733.0
73975.0,0.0,301,3004733.0
73980.0,0.0,301,3004733.0
73985.0,0.0,301,3004733.0
73990.0,0.0,301,3004733.0
73995.0,0.0,301,3004733.0
74000.0,0.0,301,3004733.0
74005.0,0.0,301,3004733.0
74010.0,0.0,301,3004733.0
74015.0,0.0,301,3004733.0
74020.0,0.0,301,3004733.0
74025.0,0.0,301,3004733.0
74030.0,0.0,301,3004733.0
74035.0,0.0,301,3004733.0
74040.0,0.0,301,3004733.0
74045.0,0.0,301,3004733.0
74050.0,0.0,301,3004733.0
74055.0,0.0,301,3004733.0
74060.0,0.0,301,3004733.0
74065.0,0.0,301,3004733.0
74070.0,0.0,301,3004733.0
74075.0,0.0,301,3004733.0
74080.0,0.0,301,3004733.0
74085.0,0.0,301,3004733.0
74090.0,0.0,301,3004733.0
74095.0,0.0,301,3004733.0
74100.0,0.0,301,3004733.0
74105.0,0.0,301,3004733.0
74110.0,0.0,301,3004733.0
74115.0,0.0,301,3004733.0
74120.0,0.0,301,3004733.0
74125.0,0.0,301,3004733.0
74130.0,0.0,301,3004733.0
74135.0,0.0,301,3004733.0
74140.0,0.0,301,3004733.0
74145.0,0.0,301,3004733.0
74150.0,0.0,301,3004733.0
74155.0,0.0,301,3004733.0
74160.0,0.0,301,3004733.0
74165.0,0.0,301,3004733.0
74170.0,0.0,301,3004733.0
74175.0,0.0,301,3004733.0
74180.0,0.0,301,3004733.0
74185.0,0.0,301,3004733.0
74190.0,0.0,301,3004733.0
74195.0,0.0,301,3004733.0
74200.0,0.0,301,3004733.0
74205.0,0.0,301,3004733.0
74210.0,0.0,301,3004733.0
74215.0,0.0,301,3004733.0
74220.0,0.0,301,3004733.0
74225.0,0.0,301,3004733.0
74230.0,0.0,301,3004733.0
74235.0,0.0,301,3004733.0
74240.0,0.0,301,3004733.0
74245.0,0.0,301,3004733.0
74250.0,0.0,301,3004733.0
74255.0,0.0,301,3004733.0
74260.0,0.0,301,3004733.0
74265.0,0.0,301,3004733.0
74270.0,0.0,301,3004733.0
74275.0,0.0,301,3004733.0
74280.0,0.0,301,3004733.0
74285.0,0.0,301,3004733.0
74290.0,0.0,301,3004733.0
74295.0,0.0,301,3004733.0
74300.0,0.0,301,3004733.0
74305.0,0.0,301,3004733.0
74310.0,0.0,301,3004733.0
74315.0,0.0,301,3004733.0
74320.0,0.0,301,3004733.0
74325.0,0.0,301,3004733.0
74330.0,0.0,301,3004733.0
74335.0,0.0,301,3004733.0
74340.0,0.0,301,3004733.0
74345.0,0.0,301,3004733.0
74350.0,0.0,301,3004733.0
74355.0,0.0,301,3004733.0
74360.0,0.0,301,3004733.0
74365.0,0.0,301,3004733.0
74370.0,0.0,301,3004733.0
74375.0,0.0,301,3004733.0
74380.0,0.0,301,3004733.0
74385.0,0.0,301,3004733.0
74390.0,0.0,301,3004733.0
74395.0,0.0,301,3004733.0
74400.0,0.0,301,3004733.0
74405.0,0.0,301,3004733.0
74410.0,0.0,301,3004733.0
74415.0,0.0,301,3004733.0
74420.0,0.0,301,3004733.0
74425.0,0.0,301,3004733.0
74430.0,0.0,301,3004733.0
74435.0,0.0,301,3004733.0
74440.0,0.0,301,3004733.0
74445.0,0.0,301,3004733.0
74450.0,0.0,301,3004733.0
74455.0,0.0,301,3004733.0
74460.0,0.0,301,3004733.0
74465.0,0.0,301,3004733.0
74470.0,0.0,301,3004733.0
74475.0,0.0,301,3004733.0
74480.0,0.0,301,3004733.0
74485.0,0.0,301,3004733.0
74490.0,0.0,301,3004733.0
74495.0,0.0,301,3004733.0
74500.0,0.0,301,3004733.0
74505.0,0.0,301,3004733.0
74510.0,0.0,301,3004733.0
74515.0,0.0,301,3004733.0
74520.0,0.0,301,3004733.0
74525.0,0.0,301,3004733.0
74530.0,0.0,301,3004733.0
74535.0,0.0,301,3004733.0
74540.0,0.0,301,3004733.0
74545.0,0.0,301,3004733.0
74550.0,0.0,301,3004733.0
74555.0,0.0,301,3004733.0
74560.0,0.0,301,3004733.0
74565.0,0.0,301,3004733.0
74570.0,0.0,301,3004733.0
74575.0,0.0,301,3004733.0
74580.0,0.0,301,3004733.0
74585.0,0.0,301,3004733.0
74590.0,0.0,301,3004733.0
74595.0,0.0,301,3004733.0
74600.0,0.0,301,3004733.0
74605.0,0.0,301,3004733.0
74610.0,0.0,301,3004733.0
74615.0,0.0,301,3004733.0
74620.0,0.0,301,3004733.0
74625.0,0.0,301,3004733.0
74630.0,0.0,301,3004733.0
74635.0,0.0,301,3004733.0
74640.0,0.0,301,3004733.0
74645.0,0.0,301,3004733.0
74650.0,0.0,301,3004733.0
74655.0,0.0,301,3004733.0
74660.0,0.0,301,3004733.0
74665.0,0.0,301,3004733.0
74670.0,0.0,301,3004733.0
74675.0,0.0,301,3004733.0
74680.0,0.0,301,3004733.0
74685.0,0.0,301,3004733.0
74690.0,0.0,301,3004733.0
74695.0,0.0,301,3004733.0
74700.0,0.0,301,3004733.0
74705.0,0.0,301,3004733.0
74710.0,0.0,301,3004733.0
74715.0,0.0,301,3004733.0
74720.0,0.0,301,3004733.0
74725.0,0.0,301,3004733.0
74730.0,0.0,301,3004733.0
74735.0,0.0,301,3004733.0
74740.0,0.0,301,3004733.0
74745.0,0.0,301,3004733.0
74750.0,0.0,301,3004733.0
74755.0,0.0,301,3004733.0
74760.0,0.0,301,3004733.0
74765.0,0.0,301,3004733.0
74770.0,0.0,301,3004733.0
74775.0,0.0,301,3004733.0
74780.0,0.0,301,3004733.0
74785.0,0.0,301,3004733.0
74790.0,0.0,301,3004733.0
74795.0,0.0,301,3004733.0
74800.0,0.0,301,3004733.0
74805.0,0.0,301,3004733.0
74810.0,0.0,301,3004733.0
74815.0,0.0,301,3004733.0
74820.0,0.0,301,3004733.0
74825.0,0.0,301,3004733.0
74830.0,0.0,301,3004733.0
74835.0,0.0,301,3004733.0
74840.0,0.0,301,3004733.0
74845.0,0.0,301,3004733.0
74850.0,0.0,301,3004733.0
74855.0,0.0,301,3004733.0
74860.0,0.0,301,3004733.0
74865.0,0.0,301,3004733.0
74870.0,0.0,301,3004733.0
74875.0,0.0,301,3004733.0
74880.0,0.0,301,3004733.0
74885.0,0.0,301,3004733.0
74890.0,0.0,301,3004733.0
74895.0,0.0,301,3004733.0
74900.0,0.0,301,3004733.0
74905.0,0.0,301,3004733.0
74910.0,0.0,301,3004733.0
74915.0,0.0,301,3004733.0
74920.0,0.0,301,3004733.0
74925.0,0.0,301,3004733.0
74930.0,0.0,301,3004733.0
74935.0,0.0,301,3004733.0
74940.0,0.0,301,3004733.0
74945.0,0.0,301,3004733.0
74950.0,0.0,301,3004733.0
74955.0,0.0,301,3004733.0
74960.0,0.0,301,3004733.0
74965.0,0.0,301,3004733.0
74970.0,0.0,301,3004733.0
74975.0,0.0,301,3004733.0
74980.0,0.0,301,3004733.0
74985.0,0.0,301,3004733.0
74990.0,0.0,301,3004733.0
74995.0,0.0,301,3004733.0
75000.0,0.0,301,3004733.0
75005.0,0.0,301,3004733.0
75010.0,0.0,301,3004733.0
75015.0,0.0,301,3004733.0
75020.0,0.0,301,3004733.0
75025.0,0.0,301,3004733.0
75030.0,0.0,301,3004733.0
75035.0,0.0,301,3004733.0
75040.0,0.0,301,3004733.0
75045.0,0.0,301,3004733.0
75050.0,0.0,301,3004733.0
75055.0,0.0,301,3004733.0
75060.0,0.0,301,3004733.0
75065.0,0.0,301,3004733.0
75070.0,0.0,301,3004733.0
75075.0,0.0,301,3004733.0
75080.0,0.0,301,3004733.0
75085.0,0.0,301,3004733.0
75090.0,0.0,301,3004733.0
75095.0,0.0,301,3004733.0
75100.0,0.0,301,3004733.0
75105.0,0.0,301,3004733.0
75110.0,0.0,301,3004733.0
75115.0,0.0,301,3004733.0
75120.0,0.0,301,3004733.0
75125.0,0.0,301,3004733.0
75130.0,0.0,301,3004733.0
75135.0,0.0,301,3004733.0
75140.0,0.0,301,3004733.0
75145.0,0.0,301,3004733.0
75150.0,0.0,301,3004733.0
75155.0,0.0,301,3004733.0
75160.0,0.0,301,3004733.0
75165.0,0.0,301,3004733.0
75170.0,0.0,301,3004733.0
75175.0,0.0,301,3004733.0
75180.0,0.0,301,3004733.0
75185.0,0.0,301,3004733.0
75190.0,0.0,301,3004733.0
75195.0,0.0,301,3004733.0
75200.0,0.0,301,3004733.0
75205.0,0.0,301,3004733.0
75210.0,0.0,301,3004733.0
75215.0,0.0,301,3004733.0
75220.0,0.0,301,3004733.0
75225.0,0.0,301,3004733.0
75230.0,0.0,301,3004733.0
75235.0,0.0,301,3004733.0
75240.0,0.0,301,3004733.0
75245.0,0.0,301,3004733.0
75250.0,0.0,301,3004733.0
75255.0,0.0,301,3004733.0
75260.0,0.0,301,3004733.0
75265.0,0.0,301,3004733.0
75270.0,0.0,301,3004733.0
75275.0,0.0,301,3004733.0
75280.0,0.0,301,3004733.0
75285.0,0.0,301,3004733.0
75290.0,0.0,301,3004733.0
75295.0,0.0,301,3004733.0
75300.0,0.0,301,3004733.0
75305.0,0.0,301,3004733.0
75310.0,0.0,301,3004733.0
75315.0,0.0,301,3004733.0
75320.0,0.0,301,3004733.0
75325.0,0.0,301,3004733.0
75330.0,0.0,301,3004733.0
75335.0,0.0,301,3004733.0
75340.0,0.0,301,3004733.0
75345.0,0.0,301,3004733.0
75350.0,0.0,301,3004733.0
75355.0,0.0,301,3004733.0
75360.0,0.0,301,3004733.0
75365.0,0.0,301,3004733.0
75370.0,0.0,301,3004733.0
75375.0,0.0,301,3004733.0
75380.0,0.0,301,3004733.0
75385.0,0.0,301,3004733.0
75390.0,0.0,301,3004733.0
75395.0,0.0,301,3004733.0
75400.0,0.0,301,3004733.0
75405.0,0.0,301,3004733.0
75410.0,0.0,301,3004733.0
75415.0,0.0,301,3004733.0
75420.0,0.0,301,3004733.0
75425.0,0.0,301,3004733.0
75430.0,0.0,301,3004733.0
75435.0,0.0,301,3004733.0
75440.0,0.0,301,3004733.0
75445.0,0.0,301,3004733.0
75450.0,0.0,301,3004733.0
75455.0,0.0,301,3004733.0
75460.0,0.0,301,3004733.0
75465.0,0.0,301,3004733.0
75470.0,0.0,301,3004733.0
75475.0,0.0,301,3004733.0
75480.0,0.0,301,3004733.0
75485.0,0.0,301,3004733.0
75490.0,0.0,301,3004733.0
75495.0,0.0,301,3004733.0
75500.0,0.0,301,3004733.0
75505.0,0.0,301,3004733.0
75510.0,0.0,301,3004733.0
75515.0,0.0,301,3004733.0
75520.0,0.0,301,3004733.0
75525.0,0.0,301,3004733.0
75530.0,0.0,301,3004733.0
75535.0,0.0,301,3004733.0
75540.0,0.0,301,3004733.0
75545.0,0.0,301,3004733.0
75550.0,0.0,301,3004733.0
75555.0,0.0,301,3004733.0
75560.0,0.0,301,3004733.0
75565.0,0.0,301,3004733.0
75570.0,0.0,301,3004733.0
75575.0,0.0,301,3004733.0
75580.0,0.0,301,3004733.0
75585.0,0.0,301,3004733.0
75590.0,0.0,301,3004733.0
75595.0,0.0,301,3004733.0
75600.0,0.0,301,3004733.0
75605.0,0.0,301,3004733.0
75610.0,0.0,301,3004733.0
75615.0,0.0,301,3004733.0
75620.0,0.0,301,3004733.0
75625.0,0.0,301,3004733.0
75630.0,0.0,301,3004733.0
75635.0,0.0,301,3004733.0
75640.0,0.0,301,3004733.0
75645.0,0.0,301,3004733.0
75650.0,0.0,301,3004733.0
75655.0,0.0,301,3004733.0
75660.0,0.0,301,3004733.0
75665.0,0.0,301,3004733.0
75670.0,0.0,301,3004733.0
75675.0,0.0,301,3004733.0
75680.0,0.0,301,3004733.0
75685.0,0.0,301,3004733.0
75690.0,0.0,301,3004733.0
75695.0,0.0,301,3004733.0
75700.0,0.0,301,3004733.0
75705.0,0.0,301,3004733.0
75710.0,0.0,301,3004733.0
75715.0,0.0,301,3004733.0
75720.0,0.0,301,3004733.0
75725.0,0.0,301,3004733.0
75730.0,0.0,301,3004733.0
75735.0,0.0,301,3004733.0
75740.0,0.0,301,3004733.0
75745.0,0.0,301,3004733.0
75750.0,0.0,301,3004733.0
75755.0,0.0,301,3004733.0
75760.0,0.0,301,3004733.0
75765.0,0.0,301,3004733.0
75770.0,0.0,301,3004733.0
75775.0,0.0,301,3004733.0
75780.0,0.0,301,3004733.0
75785.0,0.0,301,3004733.0
75790.0,0.0,301,3004733.0
75795.0,0.0,301,3004733.0
75800.0,0.0,301,3004733.0
75805.0,0.0,301,3004733.0
75810.0,0.0,301,3004733.0
75815.0,0.0,301,3004733.0
75820.0,0.0,301,3004733.0
75825.0,0.0,301,3004733.0
75830.0,0.0,301,3004733.0
75835.0,0.0,301,3004733.0
75840.0,0.0,301,3004733.0
75845.0,0.0,301,3004733.0
75850.0,0.0,301,3004733.0
75855.0,0.0,301,3004733.0
75860.0,0.0,301,3004733.0
75865.0,0.0,301,3004733.0
75870.0,0.0,301,3004733.0
75875.0,0.0,301,3004733.0
75880.0,0.0,301,3004733.0
75885.0,0.0,301,3004733.0
75890.0,0.0,301,3004733.0
75895.0,0.0,301,3004733.0
75900.0,0.0,301,3004733.0
75905.0,0.0,301,3004733.0
75910.0,0.0,301,3004733.0
75915.0,0.0,301,3004733.0
75920.0,0.0,301,3004733.0
75925.0,0.0,301,3004733.0
75930.0,0.0,301,3004733.0
75935.0,0.0,301,3004733.0
75940.0,0.0,301,3004733.0
75945.0,0.0,301,3004733.0
75950.0,0.0,301,3004733.0
75955.0,0.0,301,3004733.0
75960.0,0.0,301,3004733.0
75965.0,0.0,301,3004733.0
75970.0,0.0,301,3004733.0
75975.0,0.0,301,3004733.0
75980.0,0.0,301,3004733.0
75985.0,0.0,301,3004733.0
75990.0,0.0,301,3004733.0
75995.0,0.0,301,3004733.0
76000.0,0.0,301,3004733.0
76005.0,0.0,301,3004733.0
76010.0,0.0,301,3004733.0
76015.0,0.0,301,3004733.0
76020.0,0.0,301,3004733.0
76025.0,0.0,301,3004733.0
76030.0,0.0,301,3004733.0
76035.0,0.0,301,3004733.0
76040.0,0.0,301,3004733.0
76045.0,0.0,301,3004733.0
76050.0,0.0,301,3004733.0
76055.0,0.0,301,3004733.0
76060.0,0.0,301,3004733.0
76065.0,0.0,301,3004733.0
76070.0,0.0,301,3004733.0
76075.0,0.0,301,3004733.0
76080.0,0.0,301,3004733.0
76085.0,0.0,301,3004733.0
76090.0,0.0,301,3004733.0
76095.0,0.0,301,3004733.0
76100.0,0.0,301,3004733.0
76105.0,0.0,301,3004733.0
76110.0,0.0,301,3004733.0
76115.0,0.0,301,3004733.0
76120.0,0.0,301,3004733.0
76125.0,0.0,301,3004733.0
76130.0,0.0,301,3004733.0
76135.0,0.0,301,3004733.0
76140.0,0.0,301,3004733.0
76145.0,0.0,301,3004733.0
76150.0,0.0,301,3004733.0
76155.0,0.0,301,3004733.0
76160.0,0.0,301,3004733.0
76165.0,0.0,301,3004733.0
76170.0,0.0,301,3004733.0
76175.0,0.0,301,3004733.0
76180.0,0.0,301,3004733.0
76185.0,0.0,301,3004733.0
76190.0,0.0,301,3004733.0
76195.0,0.0,301,3004733.0
76200.0,0.0,301,3004733.0
76205.0,0.0,301,3004733.0
76210.0,0.0,301,3004733.0
76215.0,0.0,301,3004733.0
76220.0,0.0,301,3004733.0
76225.0,0.0,301,3004733.0
76230.0,0.0,301,3004733.0
76235.0,0.0,301,3004733.0
76240.0,0.0,301,3004733.0
76245.0,0.0,301,3004733.0
76250.0,0.0,301,3004733.0
76255.0,0.0,301,3004733.0
76260.0,0.0,301,3004733.0
76265.0,0.0,301,3004733.0
76270.0,0.0,301,3004733.0
76275.0,0.0,301,3004733.0
76280.0,0.0,301,3004733.0
76285.0,0.0,301,3004733.0
76290.0,0.0,301,3004733.0
76295.0,0.0,301,3004733.0
76300.0,0.0,301,3004733.0
76305.0,0.0,301,3004733.0
76310.0,0.0,301,3004733.0
76315.0,0.0,301,3004733.0
76320.0,0.0,301,3004733.0
76325.0,0.0,301,3004733.0
76330.0,0.0,301,3004733.0
76335.0,0.0,301,3004733.0
76340.0,0.0,301,3004733.0
76345.0,0.0,301,3004733.0
76350.0,0.0,301,3004733.0
76355.0,0.0,301,3004733.0
76360.0,0.0,301,3004733.0
76365.0,0.0,301,3004733.0
76370.0,0.0,301,3004733.0
76375.0,0.0,301,3004733.0
76380.0,0.0,301,3004733.0
76385.0,0.0,301,3004733.0
76390.0,0.0,301,3004733.0
76395.0,0.0,301,3004733.0
76400.0,0.0,301,3004733.0
76405.0,0.0,301,3004733.0
76410.0,0.0,301,3004733.0
76415.0,0.0,301,3004733.0
76420.0,0.0,301,3004733.0
76425.0,0.0,301,3004733.0
76430.0,0.0,301,3004733.0
76435.0,0.0,301,3004733.0
76440.0,0.0,301,3004733.0
76445.0,0.0,301,3004733.0
76450.0,0.0,301,3004733.0
76455.0,0.0,301,3004733.0
76460.0,0.0,301,3004733.0
76465.0,0.0,301,3004733.0
76470.0,0.0,301,3004733.0
76475.0,0.0,301,3004733.0
76480.0,0.0,301,3004733.0
76485.0,0.0,301,3004733.0
76490.0,0.0,301,3004733.0
76495.0,0.0,301,3004733.0
76500.0,0.0,301,3004733.0
76505.0,0.0,301,3004733.0
76510.0,0.0,301,3004733.0
76515.0,0.0,301,3004733.0
76520.0,0.0,301,3004733.0
76525.0,0.0,301,3004733.0
76530.0,0.0,301,3004733.0
76535.0,0.0,301,3004733.0
76540.0,0.0,301,3004733.0
76545.0,0.0,301,3004733.0
76550.0,0.0,301,3004733.0
76555.0,0.0,301,3004733.0
76560.0,0.0,301,3004733.0
76565.0,0.0,301,3004733.0
76570.0,0.0,301,3004733.0
76575.0,0.0,301,3004733.0
76580.0,0.0,301,3004733.0
76585.0,0.0,301,3004733.0
76590.0,0.0,301,3004733.0
76595.0,0.0,301,3004733.0
76600.0,0.0,301,3004733.0
76605.0,0.0,301,3004733.0
76610.0,0.0,301,3004733.0
76615.0,0.0,301,3004733.0
76620.0,0.0,301,3004733.0
76625.0,0.0,301,3004733.0
76630.0,0.0,301,3004733.0
76635.0,0.0,301,3004733.0
76640.0,0.0,301,3004733.0
76645.0,0.0,301,3004733.0
76650.0,0.0,301,3004733.0
76655.0,0.0,301,3004733.0
76660.0,0.0,301,3004733.0
76665.0,0.0,301,3004733.0
76670.0,0.0,301,3004733.0
76675.0,0.0,301,3004733.0
76680.0,0.0,301,3004733.0
76685.0,0.0,301,3004733.0
76690.0,0.0,301,3004733.0
76695.0,0.0,301,3004733.0
76700.0,0.0,301,3004733.0
76705.0,0.0,301,3004733.0
76710.0,0.0,301,3004733.0
76715.0,0.0,301,3004733.0
76720.0,0.0,301,3004733.0
76725.0,0.0,301,3004733.0
76730.0,0.0,301,3004733.0
76735.0,0.0,301,3004733.0
76740.0,0.0,301,3004733.0
76745.0,0.0,301,3004733.0
76750.0,0.0,301,3004733.0
76755.0,0.0,301,3004733.0
76760.0,0.0,301,3004733.0
76765.0,0.0,301,3004733.0
76770.0,0.0,301,3004733.0
76775.0,0.0,301,3004733.0
76780.0,0.0,301,3004733.0
76785.0,0.0,301,3004733.0
76790.0,0.0,301,3004733.0
76795.0,0.0,301,3004733.0
76800.0,0.0,301,3004733.0
76805.0,0.0,301,3004733.0
76810.0,0.0,301,3004733.0
76815.0,0.0,301,3004733.0
76820.0,0.0,301,3004733.0
76825.0,0.0,301,3004733.0
76830.0,0.0,301,3004733.0
76835.0,0.0,301,3004733.0
76840.0,0.0,301,3004733.0
76845.0,0.0,301,3004733.0
76850.0,0.0,301,3004733.0
76855.0,0.0,301,3004733.0
76860.0,0.0,301,3004733.0
76865.0,0.0,301,3004733.0
76870.0,0.0,301,3004733.0
76875.0,0.0,301,3004733.0
76880.0,0.0,301,3004733.0
76885.0,0.0,301,3004733.0
76890.0,0.0,301,3004733.0
76895.0,0.0,301,3004733.0
76900.0,0.0,301,3004733.0
76905.0,0.0,301,3004733.0
76910.0,0.0,301,3004733.0
76915.0,0.0,301,3004733.0
76920.0,0.0,301,3004733.0
76925.0,0.0,301,3004733.0
76930.0,0.0,301,3004733.0
76935.0,0.0,301,3004733.0
76940.0,0.0,301,3004733.0
76945.0,0.0,301,3004733.0
76950.0,0.0,301,3004733.0
76955.0,0.0,301,3004733.0
76960.0,0.0,301,3004733.0
76965.0,0.0,301,3004733.0
76970.0,0.0,301,3004733.0
76975.0,0.0,301,3004733.0
76980.0,0.0,301,3004733.0
76985.0,0.0,301,3004733.0
76990.0,0.0,301,3004733.0
76995.0,0.0,301,3004733.0
77000.0,0.0,301,3004733.0
77005.0,0.0,301,3004733.0
77010.0,0.0,301,3004733.0
77015.0,0.0,301,3004733.0
77020.0,0.0,301,3004733.0
77025.0,0.0,301,3004733.0
77030.0,0.0,301,3004733.0
77035.0,0.0,301,3004733.0
77040.0,0.0,301,3004733.0
77045.0,0.0,301,3004733.0
77050.0,0.0,301,3004733.0
77055.0,0.0,301,3004733.0
77060.0,0.0,301,3004733.0
77065.0,0.0,301,3004733.0
77070.0,0.0,301,3004733.0
77075.0,0.0,301,3004733.0
77080.0,0.0,301,3004733.0
77085.0,0.0,301,3004733.0
77090.0,0.0,301,3004733.0
77095.0,0.0,301,3004733.0
77100.0,0.0,301,3004733.0
77105.0,0.0,301,3004733.0
77110.0,0.0,301,3004733.0
77115.0,0.0,301,3004733.0
77120.0,0.0,301,3004733.0
77125.0,0.0,301,3004733.0
77130.0,0.0,301,3004733.0
77135.0,0.0,301,3004733.0
77140.0,0.0,301,3004733.0
77145.0,0.0,301,3004733.0
77150.0,0.0,301,3004733.0
77155.0,0.0,301,3004733.0
77160.0,0.0,301,3004733.0
77165.0,0.0,301,3004733.0
77170.0,0.0,301,3004733.0
77175.0,0.0,301,3004733.0
77180.0,0.0,301,3004733.0
77185.0,0.0,301,3004733.0
77190.0,0.0,301,3004733.0
77195.0,0.0,301,3004733.0
77200.0,0.0,301,3004733.0
77205.0,0.0,301,3004733.0
77210.0,0.0,301,3004733.0
77215.0,0.0,301,3004733.0
77220.0,0.0,301,3004733.0
77225.0,0.0,301,3004733.0
77230.0,0.0,301,3004733.0
77235.0,0.0,301,3004733.0
77240.0,0.0,301,3004733.0
77245.0,0.0,301,3004733.0
77250.0,0.0,301,3004733.0
77255.0,0.0,301,3004733.0
77260.0,0.0,301,3004733.0
77265.0,0.0,301,3004733.0
77270.0,0.0,301,3004733.0
77275.0,0.0,301,3004733.0
77280.0,0.0,301,3004733.0
77285.0,0.0,301,3004733.0
77290.0,0.0,301,3004733.0
77295.0,0.0,301,3004733.0
77300.0,0.0,301,3004733.0
77305.0,0.0,301,3004733.0
77310.0,0.0,301,3004733.0
77315.0,0.0,301,3004733.0
77320.0,0.0,301,3004733.0
77325.0,0.0,301,3004733.0
77330.0,0.0,301,3004733.0
77335.0,0.0,301,3004733.0
77340.0,0.0,301,3004733.0
77345.0,0.0,301,3004733.0
77350.0,0.0,301,3004733.0
77355.0,0.0,301,3004733.0
77360.0,0.0,301,3004733.0
77365.0,0.0,301,3004733.0
77370.0,0.0,301,3004733.0
77375.0,0.0,301,3004733.0
77380.0,0.0,301,3004733.0
77385.0,0.0,301,3004733.0
77390.0,0.0,301,3004733.0
77395.0,0.0,301,3004733.0
77400.0,0.0,301,3004733.0
77405.0,0.0,301,3004733.0
77410.0,0.0,301,3004733.0
77415.0,0.0,301,3004733.0
77420.0,0.0,301,3004733.0
77425.0,0.0,301,3004733.0
77430.0,0.0,301,3004733.0
77435.0,0.0,301,3004733.0
77440.0,0.0,301,3004733.0
77445.0,0.0,301,3004733.0
77450.0,0.0,301,3004733.0
77455.0,0.0,301,3004733.0
77460.0,0.0,301,3004733.0
77465.0,0.0,301,3004733.0
77470.0,0.0,301,3004733.0
77475.0,0.0,301,3004733.0
77480.0,0.0,301,3004733.0
77485.0,0.0,301,3004733.0
77490.0,0.0,301,3004733.0
77495.0,0.0,301,3004733.0
77500.0,0.0,301,3004733.0
77505.0,0.0,301,3004733.0
77510.0,0.0,301,3004733.0
77515.0,0.0,301,3004733.0
77520.0,0.0,301,3004733.0
77525.0,0.0,301,3004733.0
77530.0,0.0,301,3004733.0
77535.0,0.0,301,3004733.0
77540.0,0.0,301,3004733.0
77545.0,0.0,301,3004733.0
77550.0,0.0,301,3004733.0
77555.0,0.0,301,3004733.0
77560.0,0.0,301,3004733.0
77565.0,0.0,301,3004733.0
77570.0,0.0,301,3004733.0
77575.0,0.0,301,3004733.0
77580.0,0.0,301,3004733.0
77585.0,0.0,301,3004733.0
77590.0,0.0,301,3004733.0
77595.0,0.0,301,3004733.0
77600.0,0.0,301,3004733.0
77605.0,0.0,301,3004733.0
77610.0,0.0,301,3004733.0
77615.0,0.0,301,3004733.0
77620.0,0.0,301,3004733.0
77625.0,0.0,301,3004733.0
77630.0,0.0,301,3004733.0
77635.0,0.0,301,3004733.0
77640.0,0.0,301,3004733.0
77645.0,0.0,301,3004733.0
77650.0,0.0,301,3004733.0
77655.0,0.0,301,3004733.0
77660.0,0.0,301,3004733.0
77665.0,0.0,301,3004733.0
77670.0,0.0,301,3004733.0
77675.0,0.0,301,3004733.0
77680.0,0.0,301,3004733.0
77685.0,0.0,301,3004733.0
77690.0,0.0,301,3004733.0
77695.0,0.0,301,3004733.0
77700.0,0.0,301,3004733.0
77705.0,0.0,301,3004733.0
77710.0,0.0,301,3004733.0
77715.0,0.0,301,3004733.0
77720.0,0.0,301,3004733.0
77725.0,0.0,301,3004733.0
77730.0,0.0,301,3004733.0
77735.0,0.0,301,3004733.0
77740.0,0.0,301,3004733.0
77745.0,0.0,301,3004733.0
77750.0,0.0,301,3004733.0
77755.0,0.0,301,3004733.0
77760.0,0.0,301,3004733.0
77765.0,0.0,301,3004733.0
77770.0,0.0,301,3004733.0
77775.0,0.0,301,3004733.0
77780.0,0.0,301,3004733.0
77785.0,0.0,301,3004733.0
77790.0,0.0,301,3004733.0
77795.0,0.0,301,3004733.0
77800.0,0.0,301,3004733.0
77805.0,0.0,301,3004733.0
77810.0,0.0,301,3004733.0
77815.0,0.0,301,3004733.0
77820.0,0.0,301,3004733.0
77825.0,0.0,301,3004733.0
77830.0,0.0,301,3004733.0
77835.0,0.0,301,3004733.0
77840.0,0.0,301,3004733.0
77845.0,0.0,301,3004733.0
77850.0,0.0,301,3004733.0
77855.0,0.0,301,3004733.0
77860.0,0.0,301,3004733.0
77865.0,0.0,301,3004733.0
77870.0,0.0,301,3004733.0
77875.0,0.0,301,3004733.0
77880.0,0.0,301,3004733.0
77885.0,0.0,301,3004733.0
77890.0,0.0,301,3004733.0
77895.0,0.0,301,3004733.0
77900.0,0.0,301,3004733.0
77905.0,0.0,301,3004733.0
77910.0,0.0,301,3004733.0
77915.0,0.0,301,3004733.0
77920.0,0.0,301,3004733.0
77925.0,0.0,301,3004733.0
77930.0,0.0,301,3004733.0
77935.0,0.0,301,3004733.0
77940.0,0.0,301,3004733.0
77945.0,0.0,301,3004733.0
77950.0,0.0,301,3004733.0
77955.0,0.0,301,3004733.0
77960.0,0.0,301,3004733.0
77965.0,0.0,301,3004733.0
77970.0,0.0,301,3004733.0
77975.0,0.0,301,3004733.0
77980.0,0.0,301,3004733.0
77985.0,0.0,301,3004733.0
77990.0,0.0,301,3004733.0
77995.0,0.0,301,3004733.0
78000.0,0.0,301,3004733.0
78005.0,0.0,301,3004733.0
78010.0,0.0,301,3004733.0
78015.0,0.0,301,3004733.0
78020.0,0.0,301,3004733.0
78025.0,0.0,301,3004733.0
78030.0,0.0,301,3004733.0
78035.0,0.0,301,3004733.0
78040.0,0.0,301,3004733.0
78045.0,0.0,301,3004733.0
78050.0,0.0,301,3004733.0
78055.0,0.0,301,3004733.0
78060.0,0.0,301,3004733.0
78065.0,0.0,301,3004733.0
78070.0,0.0,301,3004733.0
78075.0,0.0,301,3004733.0
78080.0,0.0,301,3004733.0
78085.0,0.0,301,3004733.0
78090.0,0.0,301,3004733.0
78095.0,0.0,301,3004733.0
78100.0,0.0,301,3004733.0
78105.0,0.0,301,3004733.0
78110.0,0.0,301,3004733.0
78115.0,0.0,301,3004733.0
78120.0,0.0,301,3004733.0
78125.0,0.0,301,3004733.0
78130.0,0.0,301,3004733.0
78135.0,0.0,301,3004733.0
78140.0,0.0,301,3004733.0
78145.0,0.0,301,3004733.0
78150.0,0.0,301,3004733.0
78155.0,0.0,301,3004733.0
78160.0,0.0,301,3004733.0
78165.0,0.0,301,3004733.0
78170.0,0.0,301,3004733.0
78175.0,0.0,301,3004733.0
78180.0,0.0,301,3004733.0
78185.0,0.0,301,3004733.0
78190.0,0.0,301,3004733.0
78195.0,0.0,301,3004733.0
78200.0,0.0,301,3004733.0
78205.0,0.0,301,3004733.0
78210.0,0.0,301,3004733.0
78215.0,0.0,301,3004733.0
78220.0,0.0,301,3004733.0
78225.0,0.0,301,3004733.0
78230.0,0.0,301,3004733.0
78235.0,0.0,301,3004733.0
78240.0,0.0,301,3004733.0
78245.0,0.0,301,3004733.0
78250.0,0.0,301,3004733.0
78255.0,0.0,301,3004733.0
78260.0,0.0,301,3004733.0
78265.0,0.0,301,3004733.0
78270.0,0.0,301,3004733.0
78275.0,0.0,301,3004733.0
78280.0,0.0,301,3004733.0
78285.0,0.0,301,3004733.0
78290.0,0.0,301,3004733.0
78295.0,0.0,301,3004733.0
78300.0,0.0,301,3004733.0
78305.0,0.0,301,3004733.0
78310.0,0.0,301,3004733.0
78315.0,0.0,301,3004733.0
78320.0,0.0,301,3004733.0
78325.0,0.0,301,3004733.0
78330.0,0.0,301,3004733.0
78335.0,0.0,301,3004733.0
78340.0,0.0,301,3004733.0
78345.0,0.0,301,3004733.0
78350.0,0.0,301,3004733.0
78355.0,0.0,301,3004733.0
78360.0,0.0,301,3004733.0
78365.0,0.0,301,3004733.0
78370.0,0.0,301,3004733.0
78375.0,0.0,301,3004733.0
78380.0,0.0,301,3004733.0
78385.0,0.0,301,3004733.0
78390.0,0.0,301,3004733.0
78395.0,0.0,301,3004733.0
78400.0,0.0,301,3004733.0
78405.0,0.0,301,3004733.0
78410.0,0.0,301,3004733.0
78415.0,0.0,301,3004733.0
78420.0,0.0,301,3004733.0
78425.0,0.0,301,3004733.0
78430.0,0.0,301,3004733.0
78435.0,0.0,301,3004733.0
78440.0,0.0,301,3004733.0
78445.0,0.0,301,3004733.0
78450.0,0.0,301,3004733.0
78455.0,0.0,301,3004733.0
78460.0,0.0,301,3004733.0
78465.0,0.0,301,3004733.0
78470.0,0.0,301,3004733.0
78475.0,0.0,301,3004733.0
78480.0,0.0,301,3004733.0
78485.0,0.0,301,3004733.0
78490.0,0.0,301,3004733.0
78495.0,0.0,301,3004733.0
78500.0,0.0,301,3004733.0
78505.0,0.0,301,3004733.0
78510.0,0.0,301,3004733.0
78515.0,0.0,301,3004733.0
78520.0,0.0,301,3004733.0
78525.0,0.0,301,3004733.0
78530.0,0.0,301,3004733.0
78535.0,0.0,301,3004733.0
78540.0,0.0,301,3004733.0
78545.0,0.0,301,3004733.0
78550.0,0.0,301,3004733.0
78555.0,0.0,301,3004733.0
78560.0,0.0,301,3004733.0
78565.0,0.0,301,3004733.0
78570.0,0.0,301,3004733.0
78575.0,0.0,301,3004733.0
78580.0,0.0,301,3004733.0
78585.0,0.0,301,3004733.0
78590.0,0.0,301,3004733.0
78595.0,0.0,301,3004733.0
78600.0,0.0,301,3004733.0
78605.0,0.0,301,3004733.0
78610.0,0.0,301,3004733.0
78615.0,0.0,301,3004733.0
78620.0,0.0,301,3004733.0
78625.0,0.0,301,3004733.0
78630.0,0.0,301,3004733.0
78635.0,0.0,301,3004733.0
78640.0,0.0,301,3004733.0
78645.0,0.0,301,3004733.0
78650.0,0.0,301,3004733.0
78655.0,0.0,301,3004733.0
78660.0,0.0,301,3004733.0
78665.0,0.0,301,3004733.0
78670.0,0.0,301,3004733.0
78675.0,0.0,301,3004733.0
78680.0,0.0,301,3004733.0
78685.0,0.0,301,3004733.0
78690.0,0.0,301,3004733.0
78695.0,0.0,301,3004733.0
78700.0,0.0,301,3004733.0
78705.0,0.0,301,3004733.0
78710.0,0.0,301,3004733.0
78715.0,0.0,301,3004733.0
78720.0,0.0,301,3004733.0
78725.0,0.0,301,3004733.0
78730.0,0.0,301,3004733.0
78735.0,0.0,301,3004733.0
78740.0,0.0,301,3004733.0
78745.0,0.0,301,3004733.0
78750.0,0.0,301,3004733.0
78755.0,0.0,301,3004733.0
78760.0,0.0,301,3004733.0
78765.0,0.0,301,3004733.0
78770.0,0.0,301,3004733.0
78775.0,0.0,301,3004733.0
78780.0,0.0,301,3004733.0
78785.0,0.0,301,3004733.0
78790.0,0.0,301,3004733.0
78795.0,0.0,301,3004733.0
78800.0,0.0,301,3004733.0
78805.0,0.0,301,3004733.0
78810.0,0.0,301,3004733.0
78815.0,0.0,301,3004733.0
78820.0,0.0,301,3004733.0
78825.0,0.0,301,3004733.0
78830.0,0.0,301,3004733.0
78835.0,0.0,301,3004733.0
78840.0,0.0,301,3004733.0
78845.0,0.0,301,3004733.0
78850.0,0.0,301,3004733.0
78855.0,0.0,301,3004733.0
78860.0,0.0,301,3004733.0
78865.0,0.0,301,3004733.0
78870.0,0.0,301,3004733.0
78875.0,0.0,301,3004733.0
78880.0,0.0,301,3004733.0
78885.0,0.0,301,3004733.0
78890.0,0.0,301,3004733.0
78895.0,0.0,301,3004733.0
78900.0,0.0,301,3004733.0
78905.0,0.0,301,3004733.0
78910.0,0.0,301,3004733.0
78915.0,0.0,301,3004733.0
78920.0,0.0,301,3004733.0
78925.0,0.0,301,3004733.0
78930.0,0.0,301,3004733.0
78935.0,0.0,301,3004733.0
78940.0,0.0,301,3004733.0
78945.0,0.0,301,3004733.0
78950.0,0.0,301,3004733.0
78955.0,0.0,301,3004733.0
78960.0,0.0,301,3004733.0
78965.0,0.0,301,3004733.0
78970.0,0.0,301,3004733.0
78975.0,0.0,301,3004733.0
78980.0,0.0,301,3004733.0
78985.0,0.0,301,3004733.0
78990.0,0.0,301,3004733.0
78995.0,0.0,301,3004733.0
79000.0,0.0,301,3004733.0
79005.0,0.0,301,3004733.0
79010.0,0.0,301,3004733.0
79015.0,0.0,301,3004733.0
79020.0,0.0,301,3004733.0
79025.0,0.0,301,3004733.0
79030.0,0.0,301,3004733.0
79035.0,0.0,301,3004733.0
79040.0,0.0,301,3004733.0
79045.0,0.0,301,3004733.0
79050.0,0.0,301,3004733.0
79055.0,0.0,301,3004733.0
79060.0,0.0,301,3004733.0
79065.0,0.0,301,3004733.0
79070.0,0.0,301,3004733.0
79075.0,0.0,301,3004733.0
79080.0,0.0,301,3004733.0
79085.0,0.0,301,3004733.0
79090.0,0.0,301,3004733.0
79095.0,0.0,301,3004733.0
79100.0,0.0,301,3004733.0
79105.0,0.0,301,3004733.0
79110.0,0.0,301,3004733.0
79115.0,0.0,301,3004733.0
79120.0,0.0,301,3004733.0
79125.0,0.0,301,3004733.0
79130.0,0.0,301,3004733.0
79135.0,0.0,301,3004733.0
79140.0,0.0,301,3004733.0
79145.0,0.0,301,3004733.0
79150.0,0.0,301,3004733.0
79155.0,0.0,301,3004733.0
79160.0,0.0,301,3004733.0
79165.0,0.0,301,3004733.0
79170.0,0.0,301,3004733.0
79175.0,0.0,301,3004733.0
79180.0,0.0,301,3004733.0
79185.0,0.0,301,3004733.0
79190.0,0.0,301,3004733.0
79195.0,0.0,301,3004733.0
79200.0,0.0,301,3004733.0
79205.0,0.0,301,3004733.0
79210.0,0.0,301,3004733.0
79215.0,0.0,301,3004733.0
79220.0,0.0,301,3004733.0
79225.0,0.0,301,3004733.0
79230.0,0.0,301,3004733.0
79235.0,0.0,301,3004733.0
79240.0,0.0,301,3004733.0
79245.0,0.0,301,3004733.0
79250.0,0.0,301,3004733.0
79255.0,0.0,301,3004733.0
79260.0,0.0,301,3004733.0
79265.0,0.0,301,3004733.0
79270.0,0.0,301,3004733.0
79275.0,0.0,301,3004733.0
79280.0,0.0,301,3004733.0
79285.0,0.0,301,3004733.0
79290.0,0.0,301,3004733.0
79295.0,0.0,301,3004733.0
79300.0,0.0,301,3004733.0
79305.0,0.0,301,3004733.0
79310.0,0.0,301,3004733.0
79315.0,0.0,301,3004733.0
79320.0,0.0,301,3004733.0
79325.0,0.0,301,3004733.0
79330.0,0.0,301,3004733.0
79335.0,0.0,301,3004733.0
79340.0,0.0,301,3004733.0
79345.0,0.0,301,3004733.0
79350.0,0.0,301,3004733.0
79355.0,0.0,301,3004733.0
79360.0,0.0,301,3004733.0
79365.0,0.0,301,3004733.0
79370.0,0.0,301,3004733.0
79375.0,0.0,301,3004733.0
79380.0,0.0,301,3004733.0
79385.0,0.0,301,3004733.0
79390.0,0.0,301,3004733.0
79395.0,0.0,301,3004733.0
79400.0,0.0,301,3004733.0
79405.0,0.0,301,3004733.0
79410.0,0.0,301,3004733.0
79415.0,0.0,301,3004733.0
79420.0,0.0,301,3004733.0
79425.0,0.0,301,3004733.0
79430.0,0.0,301,3004733.0
79435.0,0.0,301,3004733.0
79440.0,0.0,301,3004733.0
79445.0,0.0,301,3004733.0
79450.0,0.0,301,3004733.0
79455.0,0.0,301,3004733.0
79460.0,0.0,301,3004733.0
79465.0,0.0,301,3004733.0
79470.0,0.0,301,3004733.0
79475.0,0.0,301,3004733.0
79480.0,0.0,301,3004733.0
79485.0,0.0,301,3004733.0
79490.0,0.0,301,3004733.0
79495.0,0.0,301,3004733.0
79500.0,0.0,301,3004733.0
79505.0,0.0,301,3004733.0
79510.0,0.0,301,3004733.0
79515.0,0.0,301,3004733.0
79520.0,0.0,301,3004733.0
79525.0,0.0,301,3004733.0
79530.0,0.0,301,3004733.0
79535.0,0.0,301,3004733.0
79540.0,0.0,301,3004733.0
79545.0,0.0,301,3004733.0
79550.0,0.0,301,3004733.0
79555.0,0.0,301,3004733.0
79560.0,0.0,301,3004733.0
79565.0,0.0,301,3004733.0
79570.0,0.0,301,3004733.0
79575.0,0.0,301,3004733.0
79580.0,0.0,301,3004733.0
79585.0,0.0,301,3004733.0
79590.0,0.0,301,3004733.0
79595.0,0.0,301,3004733.0
79600.0,0.0,301,3004733.0
79605.0,0.0,301,3004733.0
79610.0,0.0,301,3004733.0
79615.0,0.0,301,3004733.0
79620.0,0.0,301,3004733.0
79625.0,0.0,301,3004733.0
79630.0,0.0,301,3004733.0
79635.0,0.0,301,3004733.0
79640.0,0.0,301,3004733.0
79645.0,0.0,301,3004733.0
79650.0,0.0,301,3004733.0
79655.0,0.0,301,3004733.0
79660.0,0.0,301,3004733.0
79665.0,0.0,301,3004733.0
79670.0,0.0,301,3004733.0
79675.0,0.0,301,3004733.0
79680.0,0.0,301,3004733.0
79685.0,0.0,301,3004733.0
79690.0,0.0,301,3004733.0
79695.0,0.0,301,3004733.0
79700.0,0.0,301,3004733.0
79705.0,0.0,301,3004733.0
79710.0,0.0,301,3004733.0
79715.0,0.0,301,3004733.0
79720.0,0.0,301,3004733.0
79725.0,0.0,301,3004733.0
79730.0,0.0,301,3004733.0
79735.0,0.0,301,3004733.0
79740.0,0.0,301,3004733.0
79745.0,0.0,301,3004733.0
79750.0,0.0,301,3004733.0
79755.0,0.0,301,3004733.0
79760.0,0.0,301,3004733.0
79765.0,0.0,301,3004733.0
79770.0,0.0,301,3004733.0
79775.0,0.0,301,3004733.0
79780.0,0.0,301,3004733.0
79785.0,0.0,301,3004733.0
79790.0,0.0,301,3004733.0
79795.0,0.0,301,3004733.0
79800.0,0.0,301,3004733.0
79805.0,0.0,301,3004733.0
79810.0,0.0,301,3004733.0
79815.0,0.0,301,3004733.0
79820.0,0.0,301,3004733.0
79825.0,0.0,301,3004733.0
79830.0,0.0,301,3004733.0
79835.0,0.0,301,3004733.0
79840.0,0.0,301,3004733.0
79845.0,0.0,301,3004733.0
79850.0,0.0,301,3004733.0
79855.0,0.0,301,3004733.0
79860.0,0.0,301,3004733.0
79865.0,0.0,301,3004733.0
79870.0,0.0,301,3004733.0
79875.0,0.0,301,3004733.0
79880.0,0.0,301,3004733.0
79885.0,0.0,301,3004733.0
79890.0,0.0,301,3004733.0
79895.0,0.0,301,3004733.0
79900.0,0.0,301,3004733.0
79905.0,0.0,301,3004733.0
79910.0,0.0,301,3004733.0
79915.0,0.0,301,3004733.0
79920.0,0.0,301,3004733.0
79925.0,0.0,301,3004733.0
79930.0,0.0,301,3004733.0
79935.0,0.0,301,3004733.0
79940.0,0.0,301,3004733.0
79945.0,0.0,301,3004733.0
79950.0,0.0,301,3004733.0
79955.0,0.0,301,3004733.0
79960.0,0.0,301,3004733.0
79965.0,0.0,301,3004733.0
79970.0,0.0,301,3004733.0
79975.0,0.0,301,3004733.0
79980.0,0.0,301,3004733.0
79985.0,0.0,301,3004733.0
79990.0,0.0,301,3004733.0
79995.0,0.0,301,3004733.0
80000.0,0.0,301,3004733.0
